c0.a,c1.a,i0.a
0.0,3.5,0.0
0.0,3.5,0.0
0.0,3.5,0.0
0.0,3.5,0.0
0.0,3.5,0.0
0.0,3.5,0.0
0.0,3.5,0.0
0.0,3.5,0.0
0.0,3.5,0.0
0.0,3.5,0.0
0.0,3.5,0.0
0.0,3.5,0.0
0.0,3.5,0.0
0.0,3.5,0.0
0.0,3.5,0.0
3.5,3.5,0.0
3.5,3.5,0.0
3.5,3.5,0.0
3.5,3.5,3.5
3.5,3.5,3.5
3.5,3.5,3.5
3.5,3.5,3.5
3.5,3.5,3.5
3.5,3.5,3.5
-6.56,3.5,3.5
-6.56,3.5,3.5
-6.56,3.5,3.5
-2.3813928834856455,3.5,3.5
-2.3813928834856455,3.5,3.5
-2.3813928834856455,3.5,3.5
-0.5953482208714114,3.5,3.5
-0.5953482208714114,3.5,3.5
-0.5953482208714114,3.5,3.5
-0.14883705521785018,-6.56,3.5
-0.14883705521785018,-6.56,3.5
-0.14883705521785018,-6.56,3.5
-0.03720926380445988,-6.56,3.5
-0.03720926380445988,-6.56,3.5
-0.03720926380445988,-6.56,3.5
-6.56,-6.34733114615851,1.165861116394094
-6.56,-6.34733114615851,1.165861116394094
-6.56,-6.34733114615851,1.165861116394094
-3.144622317587512,-1.5893309612526707,0.2914652790985208
-3.144622317587512,-1.5893309612526707,0.2914652790985208
-3.144622317587512,-1.5893309612526707,0.2914652790985208
-0.786155579396878,-5.322009896100717,0.07286631977463287
-0.786155579396878,-5.322009896100717,0.07286631977463287
-0.786155579396878,-5.322009896100717,0.07286631977463287
-0.19653889484922082,-1.9455048878002543,0.018216579943658218
-0.19653889484922082,-1.9455048878002543,0.018216579943658218
-0.19653889484922082,-1.9455048878002543,0.018216579943658218
-0.04913472371230654,-2.4739225813541204,0.004554144985917219
-0.04913472371230654,-2.4739225813541204,0.004554144985917219
-0.04913472371230654,-2.4739225813541204,0.004554144985917219
-0.012283680928076635,-0.9407302792582932,0.0011385362464793047
-0.012283680928076635,-0.9407302792582932,0.0011385362464793047
-0.012283680928076635,-0.9407302792582932,0.0011385362464793047
3.5,-1.040203853941307,0.0002846340616144971
3.5,-1.040203853941307,0.0002846340616144971
3.5,-1.040203853941307,0.0002846340616144971
3.5,0.5654961165444767,7.115851540362428e-05
3.5,0.5654961165444767,7.115851540362428e-05
3.5,0.5654961165444767,7.115851540362428e-05
2.5090930374871068,1.5758816877570716,1.778962885623514e-05
2.5090930374871068,1.5758816877570716,1.778962885623514e-05
2.5090930374871068,1.5758816877570716,1.778962885623514e-05
0.6272732593717762,1.97661440866586,-6.56
0.6272732593717762,1.97661440866586,-6.56
0.6272732593717762,1.97661440866586,-6.56
-3.8214099156219508,1.5870796523205541,-6.56
-3.8214099156219508,1.5870796523205541,-6.56
-3.8214099156219508,1.5870796523205541,-6.56
-0.9553524789054872,-0.04867660258751272,-6.56
-0.9553524789054872,-0.04867660258751272,-6.56
-0.9553524789054872,-0.04867660258751272,-6.56
3.5,-0.7125026304482134,-5.411287359207684
3.5,-0.7125026304482134,-5.411287359207684
3.5,-0.7125026304482134,-5.411287359207684
3.5,0.6686628430962784,-1.352821839801921
3.5,0.6686628430962784,-1.352821839801921
3.5,0.6686628430962784,-1.352821839801921
3.5,1.7105502612787546,2.013029779848708
3.5,1.7105502612787546,2.013029779848708
3.5,1.7105502612787546,2.013029779848708
3.5,2.3016631313091978,0.503257444962177
3.5,2.3016631313091978,0.503257444962177
3.5,2.3016631313091978,0.503257444962177
-3.033799647689168,2.740021363023125,0.12581436124054513
-3.033799647689168,2.740021363023125,0.12581436124054513
-3.033799647689168,2.740021363023125,0.12581436124054513
-0.7584499119222947,1.155082850514006,0.031453590310137614
-0.7584499119222947,1.155082850514006,0.031453590310137614
-0.7584499119222947,1.155082850514006,0.031453590310137614
-0.18961247798057101,0.07077279032219508,0.007863397577535736
-0.18961247798057101,0.07077279032219508,0.007863397577535736
-0.18961247798057101,0.07077279032219508,0.007863397577535736
-0.04740311949514009,0.19668918510718925,0.0019658493943826016
-0.04740311949514009,0.19668918510718925,0.0019658493943826016
-0.04740311949514009,0.19668918510718925,0.0019658493943826016
-0.011850779873782358,-0.030818280726158775,0.0004914623485969827
-0.011850779873782358,-0.030818280726158775,0.0004914623485969827
-0.011850779873782358,-0.030818280726158775,0.0004914623485969827
-0.0029626949684455894,0.06057044498591324,-0.03877576328087429
-0.0029626949684455894,0.06057044498591324,-0.03877576328087429
-0.0029626949684455894,0.06057044498591324,-0.03877576328087429
-0.0007406737421113974,-0.014107974495743747,-0.009693940820218572
-0.0007406737421113974,-0.014107974495743747,-0.009693940820218572
-0.0007406737421113974,-0.014107974495743747,-0.009693940820218572
-0.0001851684355251848,0.022564208476502756,-0.0024234852050533107
-0.0001851684355251848,0.022564208476502756,-0.0024234852050533107
-0.0001851684355251848,0.022564208476502756,-0.0024234852050533107
3.5,-0.005011584864021756,-0.0006058713012624395
3.5,-0.005011584864021756,-0.0006058713012624395
3.5,-0.005011584864021756,-0.0006058713012624395
3.5,0.9931262005939416,-0.00015146782531694214
3.5,0.9931262005939416,-0.00015146782531694214
3.5,0.9931262005939416,-0.00015146782531694214
3.5,2.0052352708083774,-3.786695632790327e-05
3.5,2.0052352708083774,-3.786695632790327e-05
3.5,2.0052352708083774,-3.786695632790327e-05
3.5,2.4424619392306894,-9.466739083308084e-06
3.5,2.4424619392306894,-9.466739083308084e-06
3.5,2.4424619392306894,-9.466739083308084e-06
3.5,2.8629829643800164,-2.3666847699388427e-06
3.5,2.8629829643800164,-2.3666847699388427e-06
3.5,2.8629829643800164,-2.3666847699388427e-06
3.5,3.053622288137845,-5.916711938169783e-07
3.5,3.053622288137845,-5.916711938169783e-07
3.5,3.053622288137845,-5.916711938169783e-07
2.5438000576415902,3.2286923207119855,-1.4791779712197695e-07
2.5438000576415902,3.2286923207119855,-1.4791779712197695e-07
2.5438000576415902,3.2286923207119855,-1.4791779712197695e-07
0.6359500144103976,3.0425624810342953,-3.6979450612761866e-08
0.6359500144103976,3.0425624810342953,-3.6979450612761866e-08
0.6359500144103976,3.0425624810342953,-3.6979450612761866e-08
0.15898750360258873,2.2996450667887984,-9.244862653190467e-09
0.15898750360258873,2.2996450667887984,-9.244862653190467e-09
0.15898750360258873,2.2996450667887984,-9.244862653190467e-09
0.03974687590064718,1.525909212591671,3.5
0.03974687590064718,1.525909212591671,3.5
0.03974687590064718,1.525909212591671,3.5
0.009936718975161796,1.0320064966051348,3.5
0.009936718975161796,1.0320064966051348,3.5
0.009936718975161796,1.0320064966051348,3.5
3.5,0.662420061323246,3.5
3.5,0.662420061323246,3.5
3.5,0.662420061323246,3.5
1.6694514509302962,1.4243510701092248,3.5
1.6694514509302962,1.4243510701092248,3.5
1.6694514509302962,1.4243510701092248,3.5
0.41736286273257406,1.7732418239936294,3.5
0.41736286273257406,1.7732418239936294,3.5
0.41736286273257406,1.7732418239936294,3.5
0.10434071568314351,1.2235896356034885,0.9994889249989676
0.10434071568314351,1.2235896356034885,0.9994889249989676
0.10434071568314351,1.2235896356034885,0.9994889249989676
0.02608517892078055,0.9012234071266221,0.24987223124973923
0.02608517892078055,0.9012234071266221,0.24987223124973923
0.02608517892078055,0.9012234071266221,0.24987223124973923
0.00652129473019869,0.5595110570803428,0.06246805781243481
0.00652129473019869,0.5595110570803428,0.06246805781243481
0.00652129473019869,0.5595110570803428,0.06246805781243481
0.9982494648128366,0.39021445776791097,0.015617014453106037
0.9982494648128366,0.39021445776791097,0.015617014453106037
0.9982494648128366,0.39021445776791097,0.015617014453106037
0.24956236620321448,0.5208176203707211,0.003904253613274733
0.24956236620321448,0.5208176203707211,0.003904253613274733
0.24956236620321448,0.5208176203707211,0.003904253613274733
0.06239059155080895,0.5267267752974902,0.0009760634033213478
0.06239059155080895,0.5267267752974902,0.0009760634033213478
0.06239059155080895,0.5267267752974902,0.0009760634033213478
0.015597647887702237,0.3158234580340462,0.0002440158508285606
0.015597647887702237,0.3158234580340462,0.0002440158508285606
0.015597647887702237,0.3158234580340462,0.0002440158508285606
0.0038994119719220066,0.24420465299056104,6.100396270980468e-05
0.0038994119719220066,0.24420465299056104,6.100396270980468e-05
0.0038994119719220066,0.24420465299056104,6.100396270980468e-05
0.0009748529929751726,0.1408810822802593,-6.56
0.0009748529929751726,0.1408810822802593,-6.56
0.0009748529929751726,0.1408810822802593,-6.56
0.00024371324823846408,0.10420663433951916,-6.56
0.00024371324823846408,0.10420663433951916,-6.56
0.00024371324823846408,0.10420663433951916,-6.56
6.092831205961602e-05,0.06055706039531117,-6.56
6.092831205961602e-05,0.06055706039531117,-6.56
6.092831205961602e-05,0.06055706039531117,-6.56
-6.56,0.043984661971990135,-6.56
-6.56,0.043984661971990135,-6.56
-6.56,0.043984661971990135,-6.56
-6.56,-1.8191313304280499,-6.170599135176807
-6.56,-1.8191313304280499,-6.170599135176807
-6.56,-1.8191313304280499,-6.170599135176807
-6.56,-3.742952455092862,-1.5426497837942017
-6.56,-3.742952455092862,-1.5426497837942017
-6.56,-3.742952455092862,-1.5426497837942017
-6.56,-4.560418025643131,-0.38566244594855015
-6.56,-4.560418025643131,-0.38566244594855015
-6.56,-4.560418025643131,-0.38566244594855015
-6.56,-5.359218489961762,-0.09641561148713765
-6.56,-5.359218489961762,-0.09641561148713765
-6.56,-5.359218489961762,-0.09641561148713765
-6.56,-5.716136404211312,-0.024103902871784433
-6.56,-5.716136404211312,-0.024103902871784433
-6.56,-5.716136404211312,-0.024103902871784433
-3.7679336582462817,-6.048488658535561,-0.006025975717946108
-3.7679336582462817,-6.048488658535561,-0.006025975717946108
-3.7679336582462817,-6.048488658535561,-0.006025975717946108
-0.9419834145615731,-5.418419668079274,-0.0015064939294865132
-0.9419834145615731,-5.418419668079274,-0.0015064939294865132
-0.9419834145615731,-5.418419668079274,-0.0015064939294865132
-0.2354958536403906,-3.9464627914563906,-0.0003766234823716075
-0.2354958536403906,-3.9464627914563906,-0.0003766234823716075
-0.2354958536403906,-3.9464627914563906,-0.0003766234823716075
-0.058873963410100316,-2.6446863199971133,-9.415587059288799e-05
-0.058873963410100316,-2.6446863199971133,-9.415587059288799e-05
-0.058873963410100316,-2.6446863199971133,-9.415587059288799e-05
-0.014718490852525079,-1.7589251440386136,-2.353896764820118e-05
-0.014718490852525079,-1.7589251440386136,-2.353896764820118e-05
-0.014718490852525079,-1.7589251440386136,-2.353896764820118e-05
3.5,-1.1434248971918741,-5.884741912071112e-06
3.5,-1.1434248971918741,-5.884741912071112e-06
3.5,-1.1434248971918741,-5.884741912071112e-06
3.5,0.23455630849636577,-1.4711854779969613e-06
3.5,0.23455630849636577,-1.4711854779969613e-06
3.5,0.23455630849636577,-1.4711854779969613e-06
1.8046211068981215,1.5218983791987455,-3.6779636949924033e-07
1.8046211068981215,1.5218983791987455,-3.6779636949924033e-07
1.8046211068981215,1.5218983791987455,-3.6779636949924033e-07
0.4511552767245277,1.6444275765222471,-9.194909239562676e-08
0.4511552767245277,1.6444275765222471,-9.194909239562676e-08
0.4511552767245277,1.6444275765222471,-9.194909239562676e-08
0.11278881918113015,1.3050156551894219,-2.298727311278448e-08
0.11278881918113015,1.3050156551894219,-2.298727311278448e-08
0.11278881918113015,1.3050156551894219,-2.298727311278448e-08
0.028197204795279873,0.8648941297502617,-5.746818299012801e-09
0.028197204795279873,0.8648941297502617,-5.746818299012801e-09
0.028197204795279873,0.8648941297502617,-5.746818299012801e-09
2.10569903944457,0.5935419592778359,-1.4367045608754125e-09
2.10569903944457,0.5935419592778359,-1.4367045608754125e-09
2.10569903944457,0.5935419592778359,-1.4367045608754125e-09
0.5264247598611398,0.968034603852594,-3.5917616103553485e-10
0.5264247598611398,0.968034603852594,-3.5917616103553485e-10
0.5264247598611398,0.968034603852594,-3.5917616103553485e-10
0.13160618996528228,1.0144710157157277,-8.979406107556542e-11
0.13160618996528228,1.0144710157157277,-8.979406107556542e-11
0.13160618996528228,1.0144710157157277,-8.979406107556542e-11
0.03290154749132057,0.6103857547842466,-2.2448515268891356e-11
0.03290154749132057,0.6103857547842466,-2.2448515268891356e-11
0.03290154749132057,0.6103857547842466,-2.2448515268891356e-11
3.5,0.47444056667441714,-5.612149633904551e-12
3.5,0.47444056667441714,-5.612149633904551e-12
3.5,0.47444056667441714,-5.612149633904551e-12
3.5,1.2554044519105716,-1.403016591794426e-12
3.5,1.2554044519105716,-1.403016591794426e-12
3.5,1.2554044519105716,-1.403016591794426e-12
3.5,2.2065800984728696,-3.507749646303182e-13
3.5,2.2065800984728696,-3.507749646303182e-13
3.5,2.2065800984728696,-3.507749646303182e-13
3.5,2.554847504015271,-8.767986336977174e-14
3.5,2.554847504015271,-8.767986336977174e-14
3.5,2.554847504015271,-8.767986336977174e-14
3.5,2.9476241550466398,-2.1899149160731213e-14
3.5,2.9476241550466398,-2.1899149160731213e-14
3.5,2.9476241550466398,-2.1899149160731213e-14
-6.56,3.101715878233982,-5.495603971894525e-15
-6.56,3.101715878233982,-5.495603971894525e-15
-6.56,3.101715878233982,-5.495603971894525e-15
-3.884406323901711,0.43493162210643277,0.5650964692578506
-3.884406323901711,0.43493162210643277,0.5650964692578506
-3.884406323901711,0.43493162210643277,0.5650964692578506
-0.9711015809754251,-1.683826471794717,0.1412741173144626
-0.9711015809754251,-1.683826471794717,0.1412741173144626
-0.9711015809754251,-1.683826471794717,0.1412741173144626
-0.2427753952438536,-1.2574308897139161,0.03531852932861557
-0.2427753952438536,-1.2574308897139161,0.03531852932861557
-0.2427753952438536,-1.2574308897139161,0.03531852932861557
-0.0606938488109634,-1.0615541521662522,0.008829632332153836
-0.0606938488109634,-1.0615541521662522,0.008829632332153836
-0.0606938488109634,-1.0615541521662522,0.008829632332153836
-0.015173462202742627,-0.6278865155604123,0.0022074080830385423
-0.015173462202742627,-0.6278865155604123,0.0022074080830385423
-0.015173462202742627,-0.6278865155604123,0.0022074080830385423
-0.0037933655506883213,-0.46896300187670903,0.0005518520207595801
-0.0037933655506883213,-0.46896300187670903,0.0005518520207595801
-0.0037933655506883213,-0.46896300187670903,0.0005518520207595801
-0.0009483413876694158,-0.27387648470773485,0.00013796300518997828
-0.0009483413876694158,-0.27387648470773485,0.00013796300518997828
-0.0009483413876694158,-0.27387648470773485,0.00013796300518997828
-0.00023708534691735395,-0.19894531585743636,3.449075129757784e-05
-0.00023708534691735395,-0.19894531585743636,3.449075129757784e-05
-0.00023708534691735395,-0.19894531585743636,3.449075129757784e-05
-5.927133672756213e-05,-0.11725078053612492,8.622687824311193e-06
-5.927133672756213e-05,-0.11725078053612492,8.622687824311193e-06
-5.927133672756213e-05,-0.11725078053612492,8.622687824311193e-06
-1.4817834184555068e-05,-0.08395626276102064,2.155671956161065e-06
-1.4817834184555068e-05,-0.08395626276102064,2.155671956161065e-06
-1.4817834184555068e-05,-0.08395626276102064,2.155671956161065e-06
-6.56,-0.050027891499986765,5.38917989123533e-07
-6.56,-0.050027891499986765,5.38917989123533e-07
-6.56,-0.050027891499986765,5.38917989123533e-07
-6.56,-1.8804203080876079,1.3472949722537209e-07
-6.56,-1.8804203080876079,1.3472949722537209e-07
-6.56,-1.8804203080876079,1.3472949722537209e-07
-6.56,-3.7828149086740765,3.3682374223076295e-08
-6.56,-3.7828149086740765,3.3682374223076295e-08
-6.56,-3.7828149086740765,3.3682374223076295e-08
-5.290154530455383,-4.586401675560765,8.420593555769074e-09
-5.290154530455383,-4.586401675560765,8.420593555769074e-09
-5.290154530455383,-4.586401675560765,8.420593555769074e-09
-1.3225386326138464,-5.018976471452632,3.5
-1.3225386326138464,-5.018976471452632,3.5
-1.3225386326138464,-5.018976471452632,3.5
-0.33063465815346227,-3.8831329585116237,3.5
-0.33063465815346227,-3.8831329585116237,3.5
-0.33063465815346227,-3.8831329585116237,3.5
-0.08265866453836512,-2.6167432581622023,3.5
-0.08265866453836512,-2.6167432581622023,3.5
-0.08265866453836512,-2.6167432581622023,3.5
-2.5118811554537235,-1.7660368154676398,3.5
-2.5118811554537235,-1.7660368154676398,3.5
-2.5118811554537235,-1.7660368154676398,3.5
-0.6279702888634313,-1.84157462516416,3.5
-0.6279702888634313,-1.84157462516416,3.5
-0.6279702888634313,-1.84157462516416,3.5
-0.1569925722158585,-1.6586514156072543,2.787088561790707
-0.1569925722158585,-1.6586514156072543,2.787088561790707
-0.1569925722158585,-1.6586514156072543,2.787088561790707
-0.03924814305396396,-1.0193714288176476,0.6967721404476741
-0.03924814305396396,-1.0193714288176476,0.6967721404476741
-0.03924814305396396,-1.0193714288176476,0.6967721404476741
-0.00981203576349099,-0.7560805960095447,0.17419303511191586
-0.00981203576349099,-0.7560805960095447,0.17419303511191586
-0.00981203576349099,-0.7560805960095447,0.17419303511191586
-0.002453008940872081,-0.4495706556287171,0.04354825877798163
-0.002453008940872081,-0.4495706556287171,0.04354825877798163
-0.002453008940872081,-0.4495706556287171,0.04354825877798163
-0.0006132522352180203,-0.32235754438757347,0.010887064694497184
-0.0006132522352180203,-0.32235754438757347,0.010887064694497184
-0.0006132522352180203,-0.32235754438757347,0.010887064694497184
-0.00015331305880383894,-0.19262003973271025,0.0027217661736216314
-0.00015331305880383894,-0.19262003973271025,0.0027217661736216314
-0.00015331305880383894,-0.19262003973271025,0.0027217661736216314
-3.832826470162587e-05,-0.136219693853195,0.0006804415434054079
-3.832826470162587e-05,-0.136219693853195,0.0006804415434054079
-3.832826470162587e-05,-0.136219693853195,0.0006804415434054079
3.5,-0.08213965310201221,0.00017011038584868743
3.5,-0.08213965310201221,0.00017011038584868743
3.5,-0.08213965310201221,0.00017011038584868743
3.5,0.9268637056934592,4.252759645950732e-05
3.5,0.9268637056934592,4.252759645950732e-05
3.5,0.9268637056934592,4.252759645950732e-05
3.5,1.9719127819212288,1.0631899112212295e-05
3.5,1.9719127819212288,1.0631899112212295e-05
3.5,1.9719127819212288,1.0631899112212295e-05
3.5,2.41474852294472,-6.56
3.5,2.41474852294472,-6.56
3.5,2.41474852294472,-6.56
3.5,2.8486217270552103,-6.56
3.5,2.8486217270552103,-6.56
3.5,2.8486217270552103,-6.56
3.5,3.042015065447785,-5.142891884850318
3.5,3.042015065447785,-5.142891884850318
3.5,3.042015065447785,-5.142891884850318
3.5,3.222515997449012,3.5
3.5,3.222515997449012,3.5
3.5,3.222515997449012,3.5
3.5,3.3066260022485423,3.5
3.5,3.3066260022485423,3.5
3.5,3.3066260022485423,3.5
3.5,3.3818600115698274,3.5
3.5,3.3818600115698274,3.5
3.5,3.3818600115698274,3.5
3.5,3.4183141938455677,3.5
3.5,3.4183141938455677,3.5
3.5,3.4183141938455677,3.5
3.5,3.4497263546245875,3.5
3.5,3.4497263546245875,3.5
3.5,3.4497263546245875,3.5
2.020614447657703,3.4654796810371593,3.5
2.020614447657703,3.4654796810371593,3.5
2.020614447657703,3.4654796810371593,3.5
0.5051536119144302,3.062538534950967,3.5
0.5051536119144302,3.062538534950967,3.5
0.5051536119144302,3.062538534950967,3.5
0.12628840297860222,2.2109056577977455,-6.56
0.12628840297860222,2.2109056577977455,-6.56
0.12628840297860222,2.2109056577977455,-6.56
0.0315721007446399,1.4844529017393313,-6.56
0.0315721007446399,1.4844529017393313,-6.56
0.0315721007446399,1.4844529017393313,-6.56
0.007893025186149316,0.9835194476620046,-6.56
0.007893025186149316,0.9835194476620046,-6.56
0.007893025186149316,0.9835194476620046,-6.56
0.001973256296537329,0.6411365398336955,-3.1177826604798
0.001973256296537329,0.6411365398336955,-3.1177826604798
0.001973256296537329,0.6411365398336955,-3.1177826604798
-5.650640082729719,0.4197973123403642,-0.7794456651199493
-5.650640082729719,0.4197973123403642,-0.7794456651199493
-5.650640082729719,0.4197973123403642,-0.7794456651199493
-1.4126600206824271,-1.31676720382265,-0.19486141627998688
-1.4126600206824271,-1.31676720382265,-0.19486141627998688
-1.4126600206824271,-1.31676720382265,-0.19486141627998688
-0.35316500517060945,-1.8701837049371335,-0.04871535406999605
-0.35316500517060945,-1.8701837049371335,-0.04871535406999605
-0.35316500517060945,-1.8701837049371335,-0.04871535406999605
-0.08829125129265236,-1.0941688296108651,-0.012178838517499013
-0.08829125129265236,-1.0941688296108651,-0.012178838517499013
-0.08829125129265236,-1.0941688296108651,-0.012178838517499013
-0.022072812823164867,-0.9122943666217083,-0.0030447096293744202
-0.022072812823164867,-0.9122943666217083,-0.0030447096293744202
-0.022072812823164867,-0.9122943666217083,-0.0030447096293744202
-0.005518203205788552,-0.5026911205468565,3.5
-0.005518203205788552,-0.5026911205468565,3.5
-0.005518203205788552,-0.5026911205468565,3.5
-0.0013795508014489144,-0.39101663286984234,3.5
-0.0013795508014489144,-0.39101663286984234,3.5
-0.0013795508014489144,-0.39101663286984234,3.5
-6.56,-0.2175399721563025,3.5
-6.56,-0.2175399721563025,3.5
-6.56,-0.2175399721563025,3.5
-2.8078349125680973,-2.009735554940555,3.5
-2.8078349125680973,-2.009735554940555,3.5
-2.8078349125680973,-2.009735554940555,3.5
-0.7019587281420243,-2.7993248858109325,3.5
-0.7019587281420243,-2.7993248858109325,3.5
-0.7019587281420243,-2.7993248858109325,3.5
-0.17548968203550785,-1.8969853533077625,3.5
-0.17548968203550785,-1.8969853533077625,3.5
-0.17548968203550785,-1.8969853533077625,3.5
3.5,-1.4365213460198731,3.5
3.5,-1.4365213460198731,3.5
3.5,-1.4365213460198731,3.5
3.5,0.12293041513807879,2.539989459882996
3.5,0.12293041513807879,2.539989459882996
3.5,0.12293041513807879,2.539989459882996
3.5,1.4007006668606365,0.6349973649707437
3.5,1.4007006668606365,0.6349973649707437
3.5,1.4007006668606365,0.6349973649707437
3.5,2.0720456538775736,0.15874934124268592
3.5,2.0720456538775736,0.15874934124268592
3.5,2.0720456538775736,0.15874934124268592
3.5,2.607571159998429,0.03968733531067414
3.5,2.607571159998429,0.03968733531067414
3.5,2.607571159998429,0.03968733531067414
-6.56,2.896021586933145,0.009921833827668536
-6.56,2.896021586933145,0.009921833827668536
-6.56,2.896021586933145,0.009921833827668536
-6.56,0.29136483654306744,0.002480458456922463
-6.56,0.29136483654306744,0.002480458456922463
-6.56,0.29136483654306744,0.002480458456922463
-6.56,-2.5239210047946727,0.0006201146142359448
-6.56,-2.5239210047946727,0.0006201146142359448
-6.56,-2.5239210047946727,0.0006201146142359448
-6.56,-3.671620210364665,0.0001550286535589862
-6.56,-3.671620210364665,0.0001550286535589862
-6.56,-3.671620210364665,0.0001550286535589862
-2.905740816433422,-4.838688783812948,3.875716339507562e-05
-2.905740816433422,-4.838688783812948,3.875716339507562e-05
-2.905740816433422,-4.838688783812948,3.875716339507562e-05
-0.7264352041083555,-4.313797353877966,9.689290848768906e-06
-0.7264352041083555,-4.313797353877966,9.689290848768906e-06
-0.7264352041083555,-4.313797353877966,9.689290848768906e-06
3.5,-3.1181363057848657,2.4223227121922264e-06
3.5,-3.1181363057848657,2.4223227121922264e-06
3.5,-3.1181363057848657,2.4223227121922264e-06
1.4163636450607466,-1.0608893778638446,6.055806807125919e-07
1.4163636450607466,-1.0608893778638446,6.055806807125919e-07
1.4163636450607466,-1.0608893778638446,6.055806807125919e-07
0.3540909112651853,0.09826095984893612,1.5139517017814796e-07
0.3540909112651853,0.09826095984893612,1.5139517017814796e-07
0.3540909112651853,0.09826095984893612,1.5139517017814796e-07
0.08852272781629544,0.07871831673853436,3.784879254453699e-08
0.08852272781629544,0.07871831673853436,3.784879254453699e-08
0.08852272781629544,0.07871831673853436,3.784879254453699e-08
3.5,0.16671697850495804,9.462198136134248e-09
3.5,0.16671697850495804,9.462198136134248e-09
3.5,0.16671697850495804,9.462198136134248e-09
1.1211175575474996,1.0471212289144702,2.365549534033562e-09
1.1211175575474996,1.0471212289144702,2.365549534033562e-09
1.1211175575474996,1.0471212289144702,2.365549534033562e-09
0.2802793893868696,1.4067436558597066,5.913847189731314e-10
0.2802793893868696,1.4067436558597066,5.913847189731314e-10
0.2802793893868696,1.4067436558597066,5.913847189731314e-10
0.07006984734672272,0.8661937980194594,1.4784617974328285e-10
0.07006984734672272,0.8661937980194594,1.4784617974328285e-10
0.07006984734672272,0.8661937980194594,1.4784617974328285e-10
0.017517461836675352,0.6930397652788187,3.695888040056161e-11
0.017517461836675352,0.6930397652788187,3.695888040056161e-11
0.017517461836675352,0.6930397652788187,3.695888040056161e-11
0.004379365459168838,0.3968839985728181,3.5
0.004379365459168838,0.3968839985728181,3.5
0.004379365459168838,0.3968839985728181,3.5
0.001094841364789545,0.29788734402595196,3.5
0.001094841364789545,0.29788734402595196,3.5
0.001094841364789545,0.29788734402595196,3.5
0.00027371034119738624,0.17134024968144246,3.5
0.00027371034119738624,0.17134024968144246,3.5
0.00027371034119738624,0.17134024968144246,3.5
3.5,0.12580691827367474,1.1166836951143537
3.5,0.12580691827367474,1.1166836951143537
3.5,0.12580691827367474,1.1166836951143537
1.2913489087285583,1.0576489236762825,0.27917092377859376
1.2913489087285583,1.0576489236762825,0.27917092377859376
1.2913489087285583,1.0576489236762825,0.27917092377859376
0.32283722718213426,1.438716285033884,0.06979273094464844
0.32283722718213426,1.438716285033884,0.06979273094464844
0.32283722718213426,1.438716285033884,0.06979273094464844
0.08070930679553356,0.9314776150859032,0.01744818273616744
0.08070930679553356,0.9314776150859032,0.01744818273616744
0.08070930679553356,0.9314776150859032,0.01744818273616744
3.5,0.7232803389233666,-0.8451559268277862
3.5,0.7232803389233666,-0.8451559268277862
3.5,0.7232803389233666,-0.8451559268277862
1.1178476049911907,1.4065283046844996,-0.2112889817069572
1.1178476049911907,1.4065283046844996,-0.2112889817069572
1.1178476049911907,1.4065283046844996,-0.2112889817069572
0.27946190124779235,1.6416806458567024,-0.0528222454267393
0.27946190124779235,1.6416806458567024,-0.0528222454267393
0.27946190124779235,1.6416806458567024,-0.0528222454267393
0.06986547531194276,1.0174615851495332,-0.013205561356684825
0.06986547531194276,1.0174615851495332,-0.013205561356684825
0.06986547531194276,1.0174615851495332,-0.013205561356684825
0.01746636882798569,0.7922951186175169,-0.003301390339160548
0.01746636882798569,0.7922951186175169,-0.003301390339160548
0.01746636882798569,0.7922951186175169,-0.003301390339160548
0.004366592206999087,0.4609763240891098,-0.0008253475847794789
0.004366592206999087,0.4609763240891098,-0.0008253475847794789
0.004366592206999087,0.4609763240891098,-0.0008253475847794789
0.0010916480517551008,0.3399310313984927,-0.00020633689618421158
0.0010916480517551008,0.3399310313984927,-0.00020633689618421158
0.0010916480517551008,0.3399310313984927,-0.00020633689618421158
0.0002729120129387752,0.1985217667689767,-6.56
0.0002729120129387752,0.1985217667689767,-6.56
0.0002729120129387752,0.1985217667689767,-6.56
6.822800322936473e-05,0.14362399975079398,-4.466302418707457
6.822800322936473e-05,0.14362399975079398,-4.466302418707457
6.822800322936473e-05,0.14362399975079398,-4.466302418707457
3.5,0.084821930119233,-1.1165756046768642
3.5,0.084821930119233,-1.1165756046768642
3.5,0.084821930119233,-1.1165756046768642
3.5,1.0449511088186938,-0.2791439011692134
3.5,1.0449511088186938,-0.2791439011692134
3.5,1.0449511088186938,-0.2791439011692134
2.022732954261887,2.043064600101445,-0.06978597529229802
2.022732954261887,2.043064600101445,-0.06978597529229802
2.022732954261887,2.043064600101445,-0.06978597529229802
0.5056832385654673,2.049111651281997,3.5
0.5056832385654673,2.049111651281997,3.5
0.5056832385654673,2.049111651281997,3.5
0.12642080964136682,1.6051921400101747,3.5
0.12642080964136682,1.6051921400101747,3.5
0.12642080964136682,1.6051921400101747,3.5
0.03160520241034703,1.0570637299320254,3.5
0.03160520241034703,1.0570637299320254,3.5
0.03160520241034703,1.0570637299320254,3.5
0.007901300602597416,0.7254764012530757,3.1844920346852703
0.007901300602597416,0.7254764012530757,3.1844920346852703
0.007901300602597416,0.7254764012530757,3.1844920346852703
0.001975325150638696,0.46072757683234045,0.7961230086713229
0.001975325150638696,0.46072757683234045,0.7961230086713229
0.001975325150638696,0.46072757683234045,0.7961230086713229
0.0004938312876703321,0.30991470959391165,0.19903075216783606
0.0004938312876703321,0.30991470959391165,0.19903075216783606
0.0004938312876703321,0.30991470959391165,0.19903075216783606
0.00012345782192824117,0.19641876650780432,0.04975768804196434
0.00012345782192824117,0.19641876650780432,0.04975768804196434
0.00012345782192824117,0.19641876650780432,0.04975768804196434
3.0864455482060293e-05,0.13136333021488156,0.012439422010494638
3.0864455482060293e-05,0.13136333021488156,0.012439422010494638
3.0864455482060293e-05,0.13136333021488156,0.012439422010494638
7.716113870515073e-06,0.08345571533115503,-6.56
7.716113870515073e-06,0.08345571533115503,-6.56
7.716113870515073e-06,0.08345571533115503,-6.56
1.9290284569706273e-06,0.05562588767729437,-6.56
1.9290284569706273e-06,0.05562588767729437,-6.56
1.9290284569706273e-06,0.05562588767729437,-6.56
4.822571142426568e-07,0.035436182332020394,-6.56
4.822571142426568e-07,0.035436182332020394,-6.56
4.822571142426568e-07,0.035436182332020394,-6.56
1.205642732315937e-07,0.02355465295039494,-6.56
1.205642732315937e-07,0.02355465295039494,-6.56
1.205642732315937e-07,0.02355465295039494,-6.56
3.014107363696894e-08,0.015043090050426144,-2.7810864517486547
3.014107363696894e-08,0.015043090050426144,-2.7810864517486547
3.014107363696894e-08,0.015043090050426144,-2.7810864517486547
7.535263080171717e-09,0.009975379989896282,-0.6952716129371623
7.535263080171717e-09,0.009975379989896282,-0.6952716129371623
7.535263080171717e-09,0.009975379989896282,-0.6952716129371623
1.883805111901893e-09,0.006384988728811436,-0.17381790323429058
1.883805111901893e-09,0.006384988728811436,-0.17381790323429058
1.883805111901893e-09,0.006384988728811436,-0.17381790323429058
4.709619361165096e-10,0.0042251037321818785,-0.04345447580857176
4.709619361165096e-10,0.0042251037321818785,-0.04345447580857176
4.709619361165096e-10,0.0042251037321818785,-0.04345447580857176
1.177511421701638e-10,0.0027097376884483992,-0.010863618952141607
1.177511421701638e-10,0.0027097376884483992,-0.010863618952141607
1.177511421701638e-10,0.0027097376884483992,-0.010863618952141607
2.943778554254095e-11,0.0017897626137397538,-0.0027159047380340695
2.943778554254095e-11,0.0017897626137397538,-0.0027159047380340695
2.943778554254095e-11,0.0017897626137397538,-0.0027159047380340695
7.354117315117037e-12,0.0011498612459774904,-0.0006789761845098496
7.354117315117037e-12,0.0011498612459774904,-0.0006789761845098496
7.354117315117037e-12,0.0011498612459774904,-0.0006789761845098496
-6.56,0.0007582249759252591,-0.0001697440461274624
-6.56,0.0007582249759252591,-0.0001697440461274624
-6.56,0.0007582249759252591,-0.0001697440461274624
-6.56,-1.8445121116080259,-4.243601153319787e-05
-6.56,-1.8445121116080259,-4.243601153319787e-05
-6.56,-1.8445121116080259,-4.243601153319787e-05
-3.7130739495925624,-3.7611725021161533,-1.0609002883299468e-05
-3.7130739495925624,-3.7611725021161533,-1.0609002883299468e-05
-3.7130739495925624,-3.7611725021161533,-1.0609002883299468e-05
-0.9282684873981353,-3.770546687282888,-2.6522507194925993e-06
-0.9282684873981353,-3.770546687282888,-2.6522507194925993e-06
-0.9282684873981353,-3.770546687282888,-2.6522507194925993e-06
-0.23206712184953915,-2.951253779754488,-6.630626785408822e-07
-0.23206712184953915,-2.951253779754488,-6.630626785408822e-07
-0.23206712184953915,-2.951253779754488,-6.630626785408822e-07
-0.05801678046238479,-1.9442109656207265,-1.6576566963522055e-07
-0.05801678046238479,-1.9442109656207265,-1.6576566963522055e-07
-0.05801678046238479,-1.9442109656207265,-1.6576566963522055e-07
-0.014504195115598861,-1.3337367171200398,-4.144141740880514e-08
-0.014504195115598861,-1.3337367171200398,-4.144141740880514e-08
-0.014504195115598861,-1.3337367171200398,-4.144141740880514e-08
-0.0036260487789050444,-0.8473329447107076,-1.0360354352201284e-08
-0.0036260487789050444,-0.8473329447107076,-1.0360354352201284e-08
-0.0036260487789050444,-0.8473329447107076,-1.0360354352201284e-08
-0.0009065121947315902,-0.5697607986550608,-2.5900899203179506e-09
-0.0009065121947315902,-0.5697607986550608,-2.5900899203179506e-09
-0.0009065121947315902,-0.5697607986550608,-2.5900899203179506e-09
-0.00022662804868289754,-0.36122702542562024,-6.475211478118581e-10
-0.00022662804868289754,-0.36122702542562024,-6.475211478118581e-10
-0.00022662804868289754,-0.36122702542562024,-6.475211478118581e-10
-5.665701217338892e-05,-0.24150836139166643,-1.6188117513138423e-10
-5.665701217338892e-05,-0.24150836139166643,-1.6188117513138423e-10
-5.665701217338892e-05,-0.24150836139166643,-1.6188117513138423e-10
-1.416425303801816e-05,-0.15347739931569038,-4.0468961515216506e-11
-1.416425303801816e-05,-0.15347739931569038,-4.0468961515216506e-11
-1.416425303801816e-05,-0.15347739931569038,-4.0468961515216506e-11
-3.5410632648336104e-06,-0.10226862680980986,-1.0116352200384426e-11
-3.5410632648336104e-06,-0.10226862680980986,-1.0116352200384426e-11
-3.5410632648336104e-06,-0.10226862680980986,-1.0116352200384426e-11
-8.852658162084026e-07,-0.06516700188635127,-2.5277557824665564e-12
-8.852658162084026e-07,-0.06516700188635127,-2.5277557824665564e-12
-8.852658162084026e-07,-0.06516700188635127,-2.5277557824665564e-12
-2.213164513875654e-07,-0.043306081168324795,-6.306066779870889e-13
-2.213164513875654e-07,-0.043306081168324795,-6.306066779870889e-13
-2.213164513875654e-07,-0.043306081168324795,-6.306066779870889e-13
-5.532911018235609e-08,-0.027663763873874814,-1.5631940186722204e-13
-5.532911018235609e-08,-0.027663763873874814,-1.5631940186722204e-13
-5.532911018235609e-08,-0.027663763873874814,-1.5631940186722204e-13
-1.3832277545589022e-08,-0.018340348522343675,-3.907985046680551e-14
-1.3832277545589022e-08,-0.018340348522343675,-3.907985046680551e-14
-1.3832277545589022e-08,-0.018340348522343675,-3.907985046680551e-14
-3.4580693863972556e-09,-0.011741633801385376,-8.881784197001252e-15
-3.4580693863972556e-09,-0.011741633801385376,-8.881784197001252e-15
-3.4580693863972556e-09,-0.011741633801385376,-8.881784197001252e-15
-8.645173465993139e-10,-0.0077682071457942925,-3.552713678800501e-15
-8.645173465993139e-10,-0.0077682071457942925,-3.552713678800501e-15
-8.645173465993139e-10,-0.0077682071457942925,-3.552713678800501e-15
-2.1612933664982847e-10,-0.004982995721569239,3.5
-2.1612933664982847e-10,-0.004982995721569239,3.5
-2.1612933664982847e-10,-0.004982995721569239,3.5
-5.402966962719802e-11,-0.0032906639874497046,3.5
-5.402966962719802e-11,-0.0032906639874497046,3.5
-5.402966962719802e-11,-0.0032906639874497046,3.5
-1.3507417406799505e-11,-0.0021144828490093914,3.40812954784451
-1.3507417406799505e-11,-0.0021144828490093914,3.40812954784451
-1.3507417406799505e-11,-0.0021144828490093914,3.40812954784451
-3.382183422218077e-12,-0.0013940884938463682,0.8520323869611275
-3.382183422218077e-12,-0.0013940884938463682,0.8520323869611275
-3.382183422218077e-12,-0.0013940884938463682,0.8520323869611275
-6.56,-0.0008971709706244724,0.21300809674028187
-6.56,-0.0008971709706244724,0.21300809674028187
-6.56,-0.0008971709706244724,0.21300809674028187
-6.56,-1.8455906581632533,0.05325202418507047
-6.56,-1.8455906581632533,0.05325202418507047
-6.56,-1.8455906581632533,0.05325202418507047
-3.482270502677607,-3.761874384928106,0.013313006046267617
-3.482270502677607,-3.761874384928106,0.013313006046267617
-3.482270502677607,-3.761874384928106,0.013313006046267617
1.035068118152278,-3.706090486236846,0.003328251511565128
1.035068118152278,-3.706090486236846,0.003328251511565128
1.035068118152278,-3.706090486236846,0.003328251511565128
0.2587670295380704,-2.331934087978837,0.0008320628778939465
0.2587670295380704,-2.331934087978837,0.0008320628778939465
0.2587670295380704,-2.331934087978837,0.0008320628778939465
0.0646917573845176,-1.2042748920083177,0.00020801571947615116
0.0646917573845176,-1.2042748920083177,0.00020801571947615116
0.0646917573845176,-1.2042748920083177,0.00020801571947615116
0.016172939346130732,-0.8855515858247252,5.2003929866373255e-05
0.016172939346130732,-0.8855515858247252,5.2003929866373255e-05
0.016172939346130732,-0.8855515858247252,5.2003929866373255e-05
-4.215192568769492,-0.4917765411840733,3.5
-4.215192568769492,-0.4917765411840733,3.5
-4.215192568769492,-0.4917765411840733,3.5
-1.053798142192373,-1.5531443065937687,3.5
-1.053798142192373,-1.5531443065937687,3.5
-1.053798142192373,-1.5531443065937687,3.5
-0.2634495355480926,-1.7381838751357641,2.1521323737996987
-0.2634495355480926,-1.7381838751357641,2.1521323737996987
-0.2634495355480926,-1.7381838751357641,2.1521323737996987
-0.06586238388702448,-1.0571468267806523,0.538033093449922
-0.06586238388702448,-1.0571468267806523,0.538033093449922
-0.06586238388702448,-1.0571468267806523,0.538033093449922
-0.016465595971757452,-0.8266842370889727,0.13450827336247784
-0.016465595971757452,-0.8266842370889727,0.13450827336247784
-0.016465595971757452,-0.8266842370889727,0.13450827336247784
-0.004116398992938031,-0.47672605570109994,0.03362706834061768
-0.004116398992938031,-0.47672605570109994,0.03362706834061768
-0.004116398992938031,-0.47672605570109994,0.03362706834061768
-0.0010290997482345077,-0.3539021602815762,0.008406767085151756
-0.0010290997482345077,-0.3539021602815762,0.008406767085151756
-0.0010290997482345077,-0.3539021602815762,0.008406767085151756
-0.00025727493705929305,-0.20525539494269118,0.0021016917712906036
-0.00025727493705929305,-0.20525539494269118,0.0021016917712906036
-0.00025727493705929305,-0.20525539494269118,0.0021016917712906036
-6.431873426482326e-05,-0.14943392584682336,0.0005254229428253154
-6.431873426482326e-05,-0.14943392584682336,0.0005254229428253154
-6.431873426482326e-05,-0.14943392584682336,0.0005254229428253154
-1.607968356687195e-05,-0.08772660157965184,-6.56
-1.607968356687195e-05,-0.08772660157965184,-6.56
-1.607968356687195e-05,-0.08772660157965184,-6.56
-4.01992089038572e-06,-0.0630087957975487,-6.1187271860492345
-4.01992089038572e-06,-0.0630087957975487,-6.1187271860492345
-4.01992089038572e-06,-0.0630087957975487,-6.1187271860492345
-1.00498022259643e-06,-0.03742822623055986,-1.5296817965123104
-1.00498022259643e-06,-0.03742822623055986,-1.5296817965123104
-1.00498022259643e-06,-0.03742822623055986,-1.5296817965123104
3.5,-0.026576514344631263,-0.38242044912808026
3.5,-0.026576514344631263,-0.38242044912808026
3.5,-0.026576514344631263,-0.38242044912808026
3.5,0.9684203722089695,-0.09560511228202273
3.5,0.9684203722089695,-0.09560511228202273
3.5,0.9684203722089695,-0.09560511228202273
3.5,1.9956789043282104,-6.56
3.5,1.9956789043282104,-6.56
3.5,1.9956789043282104,-6.56
3.5,2.4322401809613723,-6.56
3.5,2.4322401809613723,-6.56
3.5,2.4322401809613723,-6.56
3.5,2.85877627011223,-6.269404825581217
3.5,2.85877627011223,-6.269404825581217
3.5,2.85877627011223,-6.269404825581217
3.5,3.049383352625245,-1.5673512063953048
3.5,3.049383352625245,-1.5673512063953048
3.5,3.049383352625245,-1.5673512063953048
3.5,3.226850642621727,-0.3918378015988262
3.5,3.226850642621727,-0.3918378015988262
3.5,3.226850642621727,-0.3918378015988262
3.5,3.3097320742607295,-0.09795945039970655
3.5,3.3097320742607295,-0.09795945039970655
3.5,3.3097320742607295,-0.09795945039970655
3.5,3.383708811623329,-0.024489862599926804
3.5,3.383708811623329,-0.024489862599926804
3.5,3.383708811623329,-0.024489862599926804
3.5,3.4196243810617233,-0.0061224656499818675
3.5,3.4196243810617233,-0.0061224656499818675
3.5,3.4196243810617233,-0.0061224656499818675
3.5,3.450514333402225,3.5
3.5,3.450514333402225,3.5
3.5,3.450514333402225,3.5
3.5,3.466032652368291,3.5
3.5,3.466032652368291,3.5
3.5,3.466032652368291,3.5
3.5,3.478951355722934,3.5
3.5,3.478951355722934,3.5
3.5,3.478951355722934,3.5
3.5,3.4856398851657957,3.5
3.5,3.4856398851657957,3.5
3.5,3.4856398851657957,3.5
2.1419007986349996,3.4910503986446884,3.5
2.1419007986349996,3.4910503986446884,3.5
2.1419007986349996,3.4910503986446884,3.5
0.5354751996587552,3.1119617067733287,3.5
0.5354751996587552,3.1119617067733287,3.5
0.5354751996587552,3.1119617067733287,3.5
0.13386879991469414,2.2656568621170265,3.5
0.13386879991469414,2.2656568621170265,3.5
0.13386879991469414,2.2656568621170265,3.5
0.033467199978673534,1.5169419338628956,3.5
0.033467199978673534,1.5169419338628956,3.5
0.033467199978673534,1.5169419338628956,3.5
0.008366799994668384,1.0092754236762431,3.5
0.008366799994668384,1.0092754236762431,3.5
0.008366799994668384,1.0092754236762431,3.5
0.002091699998672425,0.6557558312877916,3.5
0.002091699998672425,0.6557558312877916,3.5
0.002091699998672425,0.6557558312877916,3.5
0.0005229249996574481,0.43080056677595735,3.5
0.0005229249996574481,0.43080056677595735,3.5
0.0005229249996574481,0.43080056677595735,3.5
0.00013073124992502017,0.27891152296942323,3.5
0.00013073124992502017,0.27891152296942323,3.5
0.00013073124992502017,0.27891152296942323,3.5
3.268281248125504e-05,0.18277338833613044,3.5
3.268281248125504e-05,0.18277338833613044,3.5
3.268281248125504e-05,0.18277338833613044,3.5
8.170703125642831e-06,0.11834439878836633,3.5
8.170703125642831e-06,0.11834439878836633,3.5
8.170703125642831e-06,0.11834439878836633,3.5
2.0426757814107077e-06,0.0774782241033023,3.5
2.0426757814107077e-06,0.0774782241033023,3.5
2.0426757814107077e-06,0.0774782241033023,3.5
5.106689400236064e-07,0.05019498271332168,3.5
5.106689400236064e-07,0.05019498271332168,3.5
5.106689400236064e-07,0.05019498271332168,3.5
1.276672350059016e-07,0.03284021557053052,1.0564674665270744
1.276672350059016e-07,0.03284021557053052,1.0564674665270744
1.276672350059016e-07,0.03284021557053052,1.0564674665270744
3.1916798093334364e-08,0.021287987242104123,0.2641168666317739
3.1916798093334364e-08,0.021287987242104123,0.2641168666317739
3.1916798093334364e-08,0.021287987242104123,0.2641168666317739
7.979210181474627e-09,0.013919990347730504,0.06602921665793815
7.979210181474627e-09,0.013919990347730504,0.06602921665793815
7.979210181474627e-09,0.013919990347730504,0.06602921665793815
1.9947918872276205e-09,0.00902799575922586,0.016507304164484538
1.9947918872276205e-09,0.00902799575922586,0.016507304164484538
1.9947918872276205e-09,0.00902799575922586,0.016507304164484538
-3.408924140868365,0.005900433790259285,0.004126826041115805
-3.408924140868365,0.005900433790259285,0.004126826041115805
-3.408924140868365,0.005900433790259285,0.004126826041115805
-0.8522310352171019,-0.9549313589392909,0.001031706510282504
-0.8522310352171019,-0.9549313589392909,0.001031706510282504
-0.8522310352171019,-0.9549313589392909,0.001031706510282504
-0.21305775880427547,-1.233100685457842,0.0002579266275759551
-0.21305775880427547,-1.233100685457842,0.0002579266275759551
-0.21305775880427547,-1.233100685457842,0.0002579266275759551
-0.053264439701074195,-0.728174004257184,-5.735114973044219
-0.053264439701074195,-0.728174004257184,-5.735114973044219
-0.053264439701074195,-0.728174004257184,-5.735114973044219
-0.01331610992526322,-0.5948187593203187,-1.433778743261044
-0.01331610992526322,-0.5948187593203187,-1.433778743261044
-0.01331610992526322,-0.5948187593203187,-1.433778743261044
-0.003329027481321134,-0.3321343907040699,-0.35844468581527167
-0.003329027481321134,-0.3321343907040699,-0.35844468581527167
-0.003329027481321134,-0.3321343907040699,-0.35844468581527167
-0.0008322568703249544,-0.2547356328148851,-0.08961117145381792
-0.0008322568703249544,-0.2547356328148851,-0.08961117145381792
-0.0008322568703249544,-0.2547356328148851,-0.08961117145381792
-0.0002080642175812386,-0.1434799552885977,-0.02240279286345981
-0.0002080642175812386,-0.1434799552885977,-0.02240279286345981
-0.0002080642175812386,-0.1434799552885977,-0.02240279286345981
-5.201605438998058e-05,-0.10742827215747752,-0.005600698215864952
-5.201605438998058e-05,-0.10742827215747752,-0.005600698215864952
-5.201605438998058e-05,-0.10742827215747752,-0.005600698215864952
-1.3004013602824216e-05,-0.06144862529568229,-0.001400174553971567
-1.3004013602824216e-05,-0.06144862529568229,-0.001400174553971567
-1.3004013602824216e-05,-0.06144862529568229,-0.001400174553971567
-3.2510034060351245e-06,-0.04523644464558174,-0.00035004363849822084
-3.2510034060351245e-06,-0.04523644464558174,-0.00035004363849822084
-3.2510034060351245e-06,-0.04523644464558174,-0.00035004363849822084
-8.127508408506401e-07,-0.02626012329055527,-8.751090962988428e-05
-8.127508408506401e-07,-0.02626012329055527,-8.751090962988428e-05
-8.127508408506401e-07,-0.02626012329055527,-8.751090962988428e-05
-2.0318771021266002e-07,-0.019056755010495863,-2.187772741280014e-05
-2.0318771021266002e-07,-0.019056755010495863,-2.187772741280014e-05
-2.0318771021266002e-07,-0.019056755010495863,-2.187772741280014e-05
-5.0796927553165006e-08,-0.01120995915083256,-5.469431847870965e-06
-5.0796927553165006e-08,-0.01120995915083256,-5.469431847870965e-06
-5.0796927553165006e-08,-0.01120995915083256,-5.469431847870965e-06
-1.2699231888291251e-08,-0.008033338412488433,-1.3673579672968117e-06
-1.2699231888291251e-08,-0.008033338412488433,-1.3673579672968117e-06
-1.2699231888291251e-08,-0.008033338412488433,-1.3673579672968117e-06
-3.1748186302138492e-09,-0.004781280933315202,-3.418394811660619e-07
-3.1748186302138492e-09,-0.004781280933315202,-3.418394811660619e-07
-3.1748186302138492e-09,-0.004781280933315202,-3.418394811660619e-07
-7.937046575534623e-10,-0.003388572791976685,-8.545985963337444e-08
-7.937046575534623e-10,-0.003388572791976685,-8.545985963337444e-08
-7.937046575534623e-10,-0.003388572791976685,-8.545985963337444e-08
-1.9842616438836558e-10,-0.002037844083389473,-2.1364954250202572e-08
-1.9842616438836558e-10,-0.002037844083389473,-2.1364954250202572e-08
-1.9842616438836558e-10,-0.002037844083389473,-2.1364954250202572e-08
-4.959588295605499e-11,-0.0014301601391792929,-5.3412492206916795e-09
-4.959588295605499e-11,-0.0014301601391792929,-5.3412492206916795e-09
-4.959588295605499e-11,-0.0014301601391792929,-5.3412492206916795e-09
-1.2398970739013748e-11,-0.0008680091034136694,-1.3353229633139563e-09
-1.2398970739013748e-11,-0.0008680091034136694,-1.3353229633139563e-09
-1.2398970739013748e-11,-0.0008680091034136694,-1.3353229633139563e-09
-3.105071755271638e-12,-0.0006039117256335658,-3.3384139896952547e-10
-3.105071755271638e-12,-0.0006039117256335658,-3.3384139896952547e-10
-3.105071755271638e-12,-0.0006039117256335658,-3.3384139896952547e-10
-7.815970093361102e-13,-0.00036952021231684284,-8.346034974238137e-11
-7.815970093361102e-13,-0.00036952021231684284,-8.346034974238137e-11
-7.815970093361102e-13,-0.00036952021231684284,-8.346034974238137e-11
-1.8474111129762605e-13,-0.0002551287119274548,-2.0875745576631743e-11
-1.8474111129762605e-13,-0.0002551287119274548,-2.0875745576631743e-11
-1.8474111129762605e-13,-0.0002551287119274548,-2.0875745576631743e-11
-5.684341886080802e-14,-0.00015723242263732118,-5.229594535194337e-12
-5.684341886080802e-14,-0.00015723242263732118,-5.229594535194337e-12
-5.684341886080802e-14,-0.00015723242263732118,-5.229594535194337e-12
-1.4210854715202004e-14,-0.00010782532962139157,-1.3073986337985843e-12
-1.4210854715202004e-14,-0.00010782532962139157,-1.3073986337985843e-12
-1.4210854715202004e-14,-0.00010782532962139157,-1.3073986337985843e-12
-1.4210854715202004e-14,-6.687466019172916e-05,-3.268496584496461e-13
-1.4210854715202004e-14,-6.687466019172916e-05,-3.268496584496461e-13
-1.4210854715202004e-14,-6.687466019172916e-05,-3.268496584496461e-13
-1.4210854715202004e-14,-4.5586743695480436e-05,-7.105427357601002e-14
-1.4210854715202004e-14,-4.5586743695480436e-05,-7.105427357601002e-14
-1.4210854715202004e-14,-4.5586743695480436e-05,-7.105427357601002e-14
-1.4210854715202004e-14,-2.8432756877805332e-05,-2.842170943040401e-14
-1.4210854715202004e-14,-2.8432756877805332e-05,-2.842170943040401e-14
-1.4210854715202004e-14,-2.8432756877805332e-05,-2.842170943040401e-14
-1.4210854715202004e-14,-1.9279483367995454e-05,-0.26941165564393543
-1.4210854715202004e-14,-1.9279483367995454e-05,-0.26941165564393543
-1.4210854715202004e-14,-1.9279483367995454e-05,-0.26941165564393543
-6.56,-1.208464260571418e-05,-0.06735291391098741
-6.56,-1.208464260571418e-05,-0.06735291391098741
-6.56,-1.208464260571418e-05,-0.06735291391098741
-6.56,-1.8450081559727067,-0.016838228477752182
-6.56,-1.8450081559727067,-0.016838228477752182
-6.56,-1.8450081559727067,-0.016838228477752182
-6.56,-3.761498884794648,-0.0042095571194380454
-6.56,-3.761498884794648,-0.0042095571194380454
-6.56,-3.761498884794648,-0.0042095571194380454
-6.56,-4.571455083979529,-0.0010523892798559586
-6.56,-4.571455083979529,-0.0010523892798559586
-6.56,-4.571455083979529,-0.0010523892798559586
3.5,-5.367041564815736,-0.0002630973199586606
3.5,-5.367041564815736,-0.0002630973199586606
3.5,-5.367041564815736,-0.0002630973199586606
3.5,-2.891465575375193,-6.577432998966515e-05
3.5,-2.891465575375193,-6.577432998966515e-05
3.5,-2.891465575375193,-6.577432998966515e-05
3.5,-0.2834021150160382,-1.6443582502745357e-05
3.5,-0.2834021150160382,-1.6443582502745357e-05
3.5,-0.2834021150160382,-1.6443582502745357e-05
3.5,0.8047962698625,-4.11089563101541e-06
3.5,0.8047962698625,-4.11089563101541e-06
3.5,0.8047962698625,-4.11089563101541e-06
3.5,1.886929262093787,-1.0277239042011388e-06
3.5,1.886929262093787,-1.0277239042011388e-06
3.5,1.886929262093787,-1.0277239042011388e-06
3.5,2.362781021515019,-2.569309813793552e-07
3.5,2.362781021515019,-2.569309813793552e-07
3.5,2.362781021515019,-2.569309813793552e-07
3.5,2.81272080784305,1.9341116035875672
3.5,2.81272080784305,1.9341116035875672
3.5,2.81272080784305,1.9341116035875672
1.010535467593435,3.019901863632697,0.48352790089689535
1.010535467593435,3.019901863632697,0.48352790089689535
1.010535467593435,3.019901863632697,0.48352790089689535
0.2526338668983641,2.50718171960537,0.12088197522422917
0.2526338668983641,2.50718171960537,0.12088197522422917
0.2526338668983641,2.50718171960537,0.12088197522422917
0.06315846672459458,1.6566055350827753,0.03022049380606262
0.06315846672459458,1.6566055350827753,0.03022049380606262
0.06315846672459458,1.6566055350827753,0.03022049380606262
0.015789616681153973,1.1527487690083262,0.007555123451510326
0.015789616681153973,1.1527487690083262,0.007555123451510326
0.015789616681153973,1.1527487690083262,0.007555123451510326
0.003947404170283164,0.7274446203720686,0.0018887808628775815
0.003947404170283164,0.7274446203720686,0.0018887808628775815
0.003947404170283164,0.7274446203720686,0.0018887808628775815
0.00098685104257612,0.4933980877956117,0.0004721952157140663
0.00098685104257612,0.4933980877956117,0.0004721952157140663
0.00098685104257612,0.4933980877956117,0.0004721952157140663
0.0002467127606493591,0.3105754775546927,-6.56
0.0002467127606493591,0.3105754775546927,-6.56
0.0002467127606493591,0.3105754775546927,-6.56
