c0.a,c1.a,i0.a
0.0,3.5,0.0
0.0,3.5,0.0
0.0,3.5,0.0
-0.521032467218383,3.5,-0.19631624779079715
-0.521032467218383,3.5,-0.19631624779079715
-0.521032467218383,3.5,-0.19631624779079715
0.037797206487059753,3.5,0.08026174829977428
0.037797206487059753,3.5,0.08026174829977428
0.037797206487059753,3.5,0.08026174829977428
0.4146009581005492,-6.56,0.11703564911880804
0.4146009581005492,-6.56,0.11703564911880804
0.4146009581005492,-6.56,0.11703564911880804
0.13631662840706937,-6.56,-0.10468104441522552
0.13631662840706937,-6.56,-0.10468104441522552
0.13631662840706937,-6.56,-0.10468104441522552
-0.6274495648801537,-6.56,0.43595052766365683
-0.6274495648801537,-6.56,0.43595052766365683
-0.6274495648801537,-6.56,0.43595052766365683
0.07658613140702286,-6.56,0.02972274787401652
0.07658613140702286,-6.56,0.02972274787401652
0.07658613140702286,-6.56,0.02972274787401652
-0.23138946042913844,-6.56,-0.17032715842934554
-0.23138946042913844,-6.56,-0.17032715842934554
-0.23138946042913844,-6.56,-0.17032715842934554
0.11089248868151103,-6.56,-0.06503543115549881
0.11089248868151103,-6.56,-0.06503543115549881
0.11089248868151103,-6.56,-0.06503543115549881
-0.008417405517571197,-6.56,-0.11160017945826262
-0.008417405517571197,-6.56,-0.11160017945826262
-0.008417405517571197,-6.56,-0.11160017945826262
-0.29459808298517665,3.5,-0.14108146283273015
-0.29459808298517665,3.5,-0.14108146283273015
-0.29459808298517665,3.5,-0.14108146283273015
-0.14910245405270572,1.5669150980104387,-0.02587002255375026
-0.14910245405270572,1.5669150980104387,-0.02587002255375026
-0.14910245405270572,1.5669150980104387,-0.02587002255375026
0.32760781910958325,1.0041946810942726,-0.40029521622723596
0.32760781910958325,1.0041946810942726,-0.40029521622723596
0.32760781910958325,1.0041946810942726,-0.40029521622723596
-0.20408396302905274,1.5782243325559087,-0.5095435315898742
-0.20408396302905274,1.5782243325559087,-0.5095435315898742
-0.20408396302905274,1.5782243325559087,-0.5095435315898742
-0.28595277542891573,-0.7269944230437311,-0.5858193749791862
-0.28595277542891573,-0.7269944230437311,-0.5858193749791862
-0.28595277542891573,-0.7269944230437311,-0.5858193749791862
-0.5039605163243301,2.6739255840502825,-0.33326559518032983
-0.5039605163243301,2.6739255840502825,-0.33326559518032983
-0.5039605163243301,2.6739255840502825,-0.33326559518032983
-0.605180384043285,1.3946670729497974,0.023111329401131364
-0.605180384043285,1.3946670729497974,0.023111329401131364
-0.605180384043285,1.3946670729497974,0.023111329401131364
-0.10073317916677915,-2.3449867717865196,-0.36778527241219283
-0.10073317916677915,-2.3449867717865196,-0.36778527241219283
-0.10073317916677915,-2.3449867717865196,-0.36778527241219283
-0.10873375853580036,0.5349446664382853,0.17543369111440654
-0.10873375853580036,0.5349446664382853,0.17543369111440654
-0.10873375853580036,0.5349446664382853,0.17543369111440654
-0.1765306192425804,-0.6254696035501048,0.04830674380712896
-0.1765306192425804,-0.6254696035501048,0.04830674380712896
-0.1765306192425804,-0.6254696035501048,0.04830674380712896
