c0.a,c1.a,i0.a
0.0,3.5,0.0
0.0,3.5,0.0
0.0,3.5,0.0
0.0,3.5,0.0
0.0,3.5,0.0
0.0,3.5,0.0
0.13964691508200033,3.5,-0.1879199192677774
0.13964691508200033,3.5,-0.1879199192677774
0.13964691508200033,3.5,-0.1879199192677774
0.13964691508200033,3.5,-0.1879199192677774
0.13964691508200033,3.5,-0.1879199192677774
0.13964691508200033,3.5,-0.1879199192677774
-0.015303620896536252,-0.41422247733869,0.14452940645526802
-0.015303620896536252,-0.41422247733869,0.14452940645526802
-0.015303620896536252,-0.41422247733869,0.14452940645526802
-0.015303620896536252,-0.41422247733869,0.14452940645526802
-0.015303620896536252,-0.41422247733869,0.14452940645526802
-0.015303620896536252,-0.41422247733869,0.14452940645526802
-0.055611820897084385,-6.56,0.2164079026075365
-0.055611820897084385,-6.56,0.2164079026075365
-0.055611820897084385,-6.56,0.2164079026075365
-0.055611820897084385,-6.56,0.2164079026075365
-0.055611820897084385,-6.56,0.2164079026075365
-0.055611820897084385,-6.56,0.2164079026075365
-0.1913975820220637,-6.56,-0.06759672082919987
-0.1913975820220637,-6.56,-0.06759672082919987
-0.1913975820220637,-6.56,-0.06759672082919987
-0.1913975820220637,-6.56,-0.06759672082919987
-0.1913975820220637,-6.56,-0.06759672082919987
-0.1913975820220637,-6.56,-0.06759672082919987
0.0936134738194756,-6.56,-0.0725237772888212
0.0936134738194756,-6.56,-0.0725237772888212
0.0936134738194756,-6.56,-0.0725237772888212
0.0936134738194756,-6.56,-0.0725237772888212
0.0936134738194756,-6.56,-0.0725237772888212
0.0936134738194756,-6.56,-0.0725237772888212
-0.02958166428359199,-5.394547175506872,-0.08130777283883628
-0.02958166428359199,-5.394547175506872,-0.08130777283883628
-0.02958166428359199,-5.394547175506872,-0.08130777283883628
-0.02958166428359199,-5.394547175506872,-0.08130777283883628
-0.02958166428359199,-5.394547175506872,-0.08130777283883628
-0.02958166428359199,-5.394547175506872,-0.08130777283883628
0.130123504999891,-1.5197490309188417,-0.0019493388886147045
0.130123504999891,-1.5197490309188417,-0.0019493388886147045
0.130123504999891,-1.5197490309188417,-0.0019493388886147045
0.130123504999891,-1.5197490309188417,-0.0019493388886147045
0.130123504999891,-1.5197490309188417,-0.0019493388886147045
0.130123504999891,-1.5197490309188417,-0.0019493388886147045
-0.053012775059713135,-0.8503815395685663,-0.012384765516164187
-0.053012775059713135,-0.8503815395685663,-0.012384765516164187
-0.053012775059713135,-0.8503815395685663,-0.012384765516164187
-0.053012775059713135,-0.8503815395685663,-0.012384765516164187
-0.053012775059713135,-0.8503815395685663,-0.012384765516164187
-0.053012775059713135,-0.8503815395685663,-0.012384765516164187
-0.11343161420917003,-0.3212211853504421,-0.14156810525858532
-0.11343161420917003,-0.3212211853504421,-0.14156810525858532
-0.11343161420917003,-0.3212211853504421,-0.14156810525858532
-0.11343161420917003,-0.3212211853504421,-0.14156810525858532
-0.11343161420917003,-0.3212211853504421,-0.14156810525858532
-0.11343161420917003,-0.3212211853504421,-0.14156810525858532
-0.2288921827416006,-0.43377287125429476,-0.24745283439808752
-0.2288921827416006,-0.43377287125429476,-0.24745283439808752
-0.2288921827416006,-0.43377287125429476,-0.24745283439808752
-0.2288921827416006,-0.43377287125429476,-0.24745283439808752
-0.2288921827416006,-0.43377287125429476,-0.24745283439808752
-0.2288921827416006,-0.43377287125429476,-0.24745283439808752
-0.05941565443969221,-0.12918144758383576,0.10845820096615277
-0.05941565443969221,-0.12918144758383576,0.10845820096615277
-0.05941565443969221,-0.12918144758383576,0.10845820096615277
-0.05941565443969221,-0.12918144758383576,0.10845820096615277
-0.05941565443969221,-0.12918144758383576,0.10845820096615277
-0.05941565443969221,-0.12918144758383576,0.10845820096615277
-0.06043976881714208,-1.1690242268412483,0.0668380585902213
-0.06043976881714208,-1.1690242268412483,0.0668380585902213
-0.06043976881714208,-1.1690242268412483,0.0668380585902213
-0.06043976881714208,-1.1690242268412483,0.0668380585902213
-0.06043976881714208,-1.1690242268412483,0.0668380585902213
-0.06043976881714208,-1.1690242268412483,0.0668380585902213
0.0685228938225988,-0.06815184645148875,0.09924937299865633
0.0685228938225988,-0.06815184645148875,0.09924937299865633
0.0685228938225988,-0.06815184645148875,0.09924937299865633
0.0685228938225988,-0.06815184645148875,0.09924937299865633
0.0685228938225988,-0.06815184645148875,0.09924937299865633
0.0685228938225988,-0.06815184645148875,0.09924937299865633
0.05582424592602386,-0.1948450895417544,0.07756862871822445
0.05582424592602386,-0.1948450895417544,0.07756862871822445
0.05582424592602386,-0.1948450895417544,0.07756862871822445
0.05582424592602386,-0.1948450895417544,0.07756862871822445
0.05582424592602386,-0.1948450895417544,0.07756862871822445
0.05582424592602386,-0.1948450895417544,0.07756862871822445
0.2191734642168761,-0.28675780762025127,-0.09793049615622973
0.2191734642168761,-0.28675780762025127,-0.09793049615622973
0.2191734642168761,-0.28675780762025127,-0.09793049615622973
0.2191734642168761,-0.28675780762025127,-0.09793049615622973
0.2191734642168761,-0.28675780762025127,-0.09793049615622973
0.2191734642168761,-0.28675780762025127,-0.09793049615622973
0.08301092385241748,-0.30381087816961383,3.5
0.08301092385241748,-0.30381087816961383,3.5
0.08301092385241748,-0.30381087816961383,3.5
0.08301092385241748,-0.30381087816961383,3.5
0.08301092385241748,-0.30381087816961383,3.5
0.08301092385241748,-0.30381087816961383,3.5
0.024171403745197217,-0.11278424563699474,3.5
0.024171403745197217,-0.11278424563699474,3.5
0.024171403745197217,-0.11278424563699474,3.5
0.024171403745197217,-0.11278424563699474,3.5
0.024171403745197217,-0.11278424563699474,3.5
0.024171403745197217,-0.11278424563699474,3.5
0.07511225440837688,0.8413666736448597,3.5
0.07511225440837688,0.8413666736448597,3.5
0.07511225440837688,0.8413666736448597,3.5
0.07511225440837688,0.8413666736448597,3.5
0.07511225440837688,0.8413666736448597,3.5
0.07511225440837688,0.8413666736448597,3.5
0.020491045340813585,-0.52276368241656,3.5
0.020491045340813585,-0.52276368241656,3.5
0.020491045340813585,-0.52276368241656,3.5
0.020491045340813585,-0.52276368241656,3.5
0.020491045340813585,-0.52276368241656,3.5
0.020491045340813585,-0.52276368241656,3.5
0.1366986183855481,0.289299366489022,3.5
0.1366986183855481,0.289299366489022,3.5
0.1366986183855481,0.289299366489022,3.5
0.1366986183855481,0.289299366489022,3.5
0.1366986183855481,0.289299366489022,3.5
0.1366986183855481,0.289299366489022,3.5
-0.07629633139778491,0.0860169609683652,3.5
-0.07629633139778491,0.0860169609683652,3.5
-0.07629633139778491,0.0860169609683652,3.5
-0.07629633139778491,0.0860169609683652,3.5
-0.07629633139778491,0.0860169609683652,3.5
-0.07629633139778491,0.0860169609683652,3.5
0.23424612713004844,0.0461431849050804,3.5
0.23424612713004844,0.0461431849050804,3.5
0.23424612713004844,0.0461431849050804,3.5
0.23424612713004844,0.0461431849050804,3.5
0.23424612713004844,0.0461431849050804,3.5
0.23424612713004844,0.0461431849050804,3.5
0.146916449325742,-0.8937296063132152,3.5
0.146916449325742,-0.8937296063132152,3.5
0.146916449325742,-0.8937296063132152,3.5
0.146916449325742,-0.8937296063132152,3.5
0.146916449325742,-0.8937296063132152,3.5
0.146916449325742,-0.8937296063132152,3.5
-0.1099112950793284,0.40352731324543356,3.5
-0.1099112950793284,0.40352731324543356,3.5
-0.1099112950793284,0.40352731324543356,3.5
-0.1099112950793284,0.40352731324543356,3.5
-0.1099112950793284,0.40352731324543356,3.5
-0.1099112950793284,0.40352731324543356,3.5
-0.16739302580610982,-0.4016378372073852,3.5
-0.16739302580610982,-0.4016378372073852,3.5
-0.16739302580610982,-0.4016378372073852,3.5
-0.16739302580610982,-0.4016378372073852,3.5
-0.16739302580610982,-0.4016378372073852,3.5
-0.16739302580610982,-0.4016378372073852,3.5
0.01128915765005356,0.5491999924660362,3.5
0.01128915765005356,0.5491999924660362,3.5
0.01128915765005356,0.5491999924660362,3.5
0.01128915765005356,0.5491999924660362,3.5
0.01128915765005356,0.5491999924660362,3.5
0.01128915765005356,0.5491999924660362,3.5
-0.12410878446981322,-0.7104903555471864,3.5
-0.12410878446981322,-0.7104903555471864,3.5
-0.12410878446981322,-0.7104903555471864,3.5
-0.12410878446981322,-0.7104903555471864,3.5
-0.12410878446981322,-0.7104903555471864,3.5
-0.12410878446981322,-0.7104903555471864,3.5
0.08558980185610299,0.24365639790445925,3.5
0.08558980185610299,0.24365639790445925,3.5
0.08558980185610299,0.24365639790445925,3.5
0.08558980185610299,0.24365639790445925,3.5
0.08558980185610299,0.24365639790445925,3.5
0.08558980185610299,0.24365639790445925,3.5
0.011278838150008852,0.055349550394684144,2.6915015428538993
0.011278838150008852,0.055349550394684144,2.6915015428538993
0.011278838150008852,0.055349550394684144,2.6915015428538993
0.011278838150008852,0.055349550394684144,2.6915015428538993
0.011278838150008852,0.055349550394684144,2.6915015428538993
0.011278838150008852,0.055349550394684144,2.6915015428538993
0.03508584058628994,0.4781879291876301,0.8014384385795168
0.03508584058628994,0.4781879291876301,0.8014384385795168
0.03508584058628994,0.4781879291876301,0.8014384385795168
0.03508584058628994,0.4781879291876301,0.8014384385795168
0.03508584058628994,0.4781879291876301,0.8014384385795168
0.03508584058628994,0.4781879291876301,0.8014384385795168
-0.01907889437559529,-0.6867639029745618,0.5065929782667524
-0.01907889437559529,-0.6867639029745618,0.5065929782667524
-0.01907889437559529,-0.6867639029745618,0.5065929782667524
-0.01907889437559529,-0.6867639029745618,0.5065929782667524
-0.01907889437559529,-0.6867639029745618,0.5065929782667524
-0.01907889437559529,-0.6867639029745618,0.5065929782667524
0.06136758529656916,-0.022580223238527708,0.22663915120003963
0.06136758529656916,-0.022580223238527708,0.22663915120003963
0.06136758529656916,-0.022580223238527708,0.22663915120003963
0.06136758529656916,-0.022580223238527708,0.22663915120003963
0.06136758529656916,-0.022580223238527708,0.22663915120003963
0.06136758529656916,-0.022580223238527708,0.22663915120003963
0.09362860633838732,0.09145686819269017,-0.14645037116808624
0.09362860633838732,0.09145686819269017,-0.14645037116808624
0.09362860633838732,0.09145686819269017,-0.14645037116808624
0.09362860633838732,0.09145686819269017,-0.14645037116808624
0.09362860633838732,0.09145686819269017,-0.14645037116808624
0.09362860633838732,0.09145686819269017,-0.14645037116808624
0.11747100460335336,0.214227046220401,-0.18167792596705823
0.11747100460335336,0.214227046220401,-0.18167792596705823
0.11747100460335336,0.214227046220401,-0.18167792596705823
0.11747100460335336,0.214227046220401,-0.18167792596705823
0.11747100460335336,0.214227046220401,-0.18167792596705823
0.11747100460335336,0.214227046220401,-0.18167792596705823
-0.06008611595608926,-0.06296935842401652,0.005582949193538411
-0.06008611595608926,-0.06296935842401652,0.005582949193538411
-0.06008611595608926,-0.06296935842401652,0.005582949193538411
-0.06008611595608926,-0.06296935842401652,0.005582949193538411
-0.06008611595608926,-0.06296935842401652,0.005582949193538411
-0.06008611595608926,-0.06296935842401652,0.005582949193538411
0.060860821377698215,-0.1479484918932421,-0.14777358834704302
0.060860821377698215,-0.1479484918932421,-0.14777358834704302
0.060860821377698215,-0.1479484918932421,-0.14777358834704302
0.060860821377698215,-0.1479484918932421,-0.14777358834704302
0.060860821377698215,-0.1479484918932421,-0.14777358834704302
0.060860821377698215,-0.1479484918932421,-0.14777358834704302
0.27373885730668057,-0.23612387643504817,-0.21245139243092837
0.27373885730668057,-0.23612387643504817,-0.21245139243092837
0.27373885730668057,-0.23612387643504817,-0.21245139243092837
0.27373885730668057,-0.23612387643504817,-0.21245139243092837
0.27373885730668057,-0.23612387643504817,-0.21245139243092837
0.27373885730668057,-0.23612387643504817,-0.21245139243092837
0.22687794679202078,-0.2639888422071728,0.12501549381067179
0.22687794679202078,-0.2639888422071728,0.12501549381067179
0.22687794679202078,-0.2639888422071728,0.12501549381067179
0.22687794679202078,-0.2639888422071728,0.12501549381067179
0.22687794679202078,-0.2639888422071728,0.12501549381067179
0.22687794679202078,-0.2639888422071728,0.12501549381067179
0.02782984378874609,0.3765625190797337,0.19405123711668892
0.02782984378874609,0.3765625190797337,0.19405123711668892
0.02782984378874609,0.3765625190797337,0.19405123711668892
0.02782984378874609,0.3765625190797337,0.19405123711668892
0.02782984378874609,0.3765625190797337,0.19405123711668892
0.02782984378874609,0.3765625190797337,0.19405123711668892
0.025955831219667047,-0.2442876275312713,0.10141153438825512
0.025955831219667047,-0.2442876275312713,0.10141153438825512
0.025955831219667047,-0.2442876275312713,0.10141153438825512
0.025955831219667047,-0.2442876275312713,0.10141153438825512
0.025955831219667047,-0.2442876275312713,0.10141153438825512
0.025955831219667047,-0.2442876275312713,0.10141153438825512
0.012223118721021997,0.383566159947911,0.11898596381042381
0.012223118721021997,0.383566159947911,0.11898596381042381
0.012223118721021997,0.383566159947911,0.11898596381042381
0.012223118721021997,0.383566159947911,0.11898596381042381
0.012223118721021997,0.383566159947911,0.11898596381042381
0.012223118721021997,0.383566159947911,0.11898596381042381
0.10315418620588446,-0.33740849906858017,-0.0027540720425278664
0.10315418620588446,-0.33740849906858017,-0.0027540720425278664
0.10315418620588446,-0.33740849906858017,-0.0027540720425278664
0.10315418620588446,-0.33740849906858017,-0.0027540720425278664
0.10315418620588446,-0.33740849906858017,-0.0027540720425278664
0.10315418620588446,-0.33740849906858017,-0.0027540720425278664
0.3004639333269967,-0.21456391168341327,0.2570610517123697
0.3004639333269967,-0.21456391168341327,0.2570610517123697
0.3004639333269967,-0.21456391168341327,0.2570610517123697
0.3004639333269967,-0.21456391168341327,0.2570610517123697
0.3004639333269967,-0.21456391168341327,0.2570610517123697
0.3004639333269967,-0.21456391168341327,0.2570610517123697
0.3618832624261117,0.2897563683880655,-0.03278817570246417
0.3618832624261117,0.2897563683880655,-0.03278817570246417
0.3618832624261117,0.2897563683880655,-0.03278817570246417
0.3618832624261117,0.2897563683880655,-0.03278817570246417
0.3618832624261117,0.2897563683880655,-0.03278817570246417
0.3618832624261117,0.2897563683880655,-0.03278817570246417
0.2887053522768035,-0.6446637075258685,-0.008525049728632439
0.2887053522768035,-0.6446637075258685,-0.008525049728632439
0.2887053522768035,-0.6446637075258685,-0.008525049728632439
0.2887053522768035,-0.6446637075258685,-0.008525049728632439
0.2887053522768035,-0.6446637075258685,-0.008525049728632439
0.2887053522768035,-0.6446637075258685,-0.008525049728632439
0.1842700737938081,0.9563753573371869,3.5
0.1842700737938081,0.9563753573371869,3.5
0.1842700737938081,0.9563753573371869,3.5
0.1842700737938081,0.9563753573371869,3.5
0.1842700737938081,0.9563753573371869,3.5
0.1842700737938081,0.9563753573371869,3.5
-0.0002512379226633499,-0.6687051811002149,2.5143217788753915
-0.0002512379226633499,-0.6687051811002149,2.5143217788753915
-0.0002512379226633499,-0.6687051811002149,2.5143217788753915
-0.0002512379226633499,-0.6687051811002149,2.5143217788753915
-0.0002512379226633499,-0.6687051811002149,2.5143217788753915
-0.0002512379226633499,-0.6687051811002149,2.5143217788753915
0.0954154270106029,-0.2818092677488906,0.8306245311436768
0.0954154270106029,-0.2818092677488906,0.8306245311436768
0.0954154270106029,-0.2818092677488906,0.8306245311436768
0.0954154270106029,-0.2818092677488906,0.8306245311436768
0.0954154270106029,-0.2818092677488906,0.8306245311436768
0.0954154270106029,-0.2818092677488906,0.8306245311436768
-0.026445787250047204,-0.08214653498731295,0.1721807238957993
-0.026445787250047204,-0.08214653498731295,0.1721807238957993
-0.026445787250047204,-0.08214653498731295,0.1721807238957993
-0.026445787250047204,-0.08214653498731295,0.1721807238957993
-0.026445787250047204,-0.08214653498731295,0.1721807238957993
-0.026445787250047204,-0.08214653498731295,0.1721807238957993
-0.11205754608240248,0.26095522712126495,0.053050743476887874
-0.11205754608240248,0.26095522712126495,0.053050743476887874
-0.11205754608240248,0.26095522712126495,0.053050743476887874
-0.11205754608240248,0.26095522712126495,0.053050743476887874
-0.11205754608240248,0.26095522712126495,0.053050743476887874
-0.11205754608240248,0.26095522712126495,0.053050743476887874
-0.006491416275423489,0.34721532428543966,0.08227055898571933
-0.006491416275423489,0.34721532428543966,0.08227055898571933
-0.006491416275423489,0.34721532428543966,0.08227055898571933
-0.006491416275423489,0.34721532428543966,0.08227055898571933
-0.006491416275423489,0.34721532428543966,0.08227055898571933
-0.006491416275423489,0.34721532428543966,0.08227055898571933
0.19848616466379454,0.305532449499772,0.08626264768383152
0.19848616466379454,0.305532449499772,0.08626264768383152
0.19848616466379454,0.305532449499772,0.08626264768383152
0.19848616466379454,0.305532449499772,0.08626264768383152
0.19848616466379454,0.305532449499772,0.08626264768383152
0.19848616466379454,0.305532449499772,0.08626264768383152
0.2137818919256418,-0.2602420383628399,0.07477940652908899
0.2137818919256418,-0.2602420383628399,0.07477940652908899
0.2137818919256418,-0.2602420383628399,0.07477940652908899
0.2137818919256418,-0.2602420383628399,0.07477940652908899
0.2137818919256418,-0.2602420383628399,0.07477940652908899
0.2137818919256418,-0.2602420383628399,0.07477940652908899
0.15552802897409723,0.15512425451532863,-0.2139097321760488
0.15552802897409723,0.15512425451532863,-0.2139097321760488
0.15552802897409723,0.15512425451532863,-0.2139097321760488
0.15552802897409723,0.15512425451532863,-0.2139097321760488
0.15552802897409723,0.15512425451532863,-0.2139097321760488
0.15552802897409723,0.15512425451532863,-0.2139097321760488
0.08102162438974947,-0.7060955237185667,-0.18297358994438895
0.08102162438974947,-0.7060955237185667,-0.18297358994438895
0.08102162438974947,-0.7060955237185667,-0.18297358994438895
0.08102162438974947,-0.7060955237185667,-0.18297358994438895
0.08102162438974947,-0.7060955237185667,-0.18297358994438895
0.08102162438974947,-0.7060955237185667,-0.18297358994438895
-0.06755596924898821,0.5775015547080891,-0.09024670105582544
-0.06755596924898821,0.5775015547080891,-0.09024670105582544
-0.06755596924898821,0.5775015547080891,-0.09024670105582544
-0.06755596924898821,0.5775015547080891,-0.09024670105582544
-0.06755596924898821,0.5775015547080891,-0.09024670105582544
-0.06755596924898821,0.5775015547080891,-0.09024670105582544
-0.06083295279200396,-1.0110365318362504,-0.06817524382433504
-0.06083295279200396,-1.0110365318362504,-0.06817524382433504
-0.06083295279200396,-1.0110365318362504,-0.06817524382433504
-0.06083295279200396,-1.0110365318362504,-0.06817524382433504
-0.06083295279200396,-1.0110365318362504,-0.06817524382433504
-0.06083295279200396,-1.0110365318362504,-0.06817524382433504
0.05837771819339732,0.8591335452060758,-0.04538173943892332
0.05837771819339732,0.8591335452060758,-0.04538173943892332
0.05837771819339732,0.8591335452060758,-0.04538173943892332
0.05837771819339732,0.8591335452060758,-0.04538173943892332
0.05837771819339732,0.8591335452060758,-0.04538173943892332
0.05837771819339732,0.8591335452060758,-0.04538173943892332
-0.07327545079085152,-0.07171223208909439,-0.00957067572182524
-0.07327545079085152,-0.07171223208909439,-0.00957067572182524
-0.07327545079085152,-0.07171223208909439,-0.00957067572182524
-0.07327545079085152,-0.07171223208909439,-0.00957067572182524
-0.07327545079085152,-0.07171223208909439,-0.00957067572182524
-0.07327545079085152,-0.07171223208909439,-0.00957067572182524
-0.07988569043022498,0.005674181634340414,-0.030198937188970376
-0.07988569043022498,0.005674181634340414,-0.030198937188970376
-0.07988569043022498,0.005674181634340414,-0.030198937188970376
-0.07988569043022498,0.005674181634340414,-0.030198937188970376
-0.07988569043022498,0.005674181634340414,-0.030198937188970376
-0.07988569043022498,0.005674181634340414,-0.030198937188970376
0.09456024408714825,-0.8281083648886707,0.03211303747192318
0.09456024408714825,-0.8281083648886707,0.03211303747192318
0.09456024408714825,-0.8281083648886707,0.03211303747192318
0.09456024408714825,-0.8281083648886707,0.03211303747192318
0.09456024408714825,-0.8281083648886707,0.03211303747192318
0.09456024408714825,-0.8281083648886707,0.03211303747192318
-0.036483563250996554,0.8723911625964771,-0.17971541762515386
-0.036483563250996554,0.8723911625964771,-0.17971541762515386
-0.036483563250996554,0.8723911625964771,-0.17971541762515386
-0.036483563250996554,0.8723911625964771,-0.17971541762515386
-0.036483563250996554,0.8723911625964771,-0.17971541762515386
-0.036483563250996554,0.8723911625964771,-0.17971541762515386
-0.01218543101056202,0.24417177255311628,-0.0030646150547681827
-0.01218543101056202,0.24417177255311628,-0.0030646150547681827
-0.01218543101056202,0.24417177255311628,-0.0030646150547681827
-0.01218543101056202,0.24417177255311628,-0.0030646150547681827
-0.01218543101056202,0.24417177255311628,-0.0030646150547681827
-0.01218543101056202,0.24417177255311628,-0.0030646150547681827
0.06933646369244428,0.004025378981417305,-0.14110060496469856
0.06933646369244428,0.004025378981417305,-0.14110060496469856
0.06933646369244428,0.004025378981417305,-0.14110060496469856
0.06933646369244428,0.004025378981417305,-0.14110060496469856
0.06933646369244428,0.004025378981417305,-0.14110060496469856
0.06933646369244428,0.004025378981417305,-0.14110060496469856
0.19045669762547668,-0.23296727419710095,-0.22390472591779087
0.19045669762547668,-0.23296727419710095,-0.22390472591779087
0.19045669762547668,-0.23296727419710095,-0.22390472591779087
0.19045669762547668,-0.23296727419710095,-0.22390472591779087
0.19045669762547668,-0.23296727419710095,-0.22390472591779087
0.19045669762547668,-0.23296727419710095,-0.22390472591779087
0.08116270791891811,0.15823337934791937,-0.005120726289163713
0.08116270791891811,0.15823337934791937,-0.005120726289163713
0.08116270791891811,0.15823337934791937,-0.005120726289163713
0.08116270791891811,0.15823337934791937,-0.005120726289163713
0.08116270791891811,0.15823337934791937,-0.005120726289163713
0.08116270791891811,0.15823337934791937,-0.005120726289163713
-0.052188573880677325,0.25087499320456885,0.0800701330617386
-0.052188573880677325,0.25087499320456885,0.0800701330617386
-0.052188573880677325,0.25087499320456885,0.0800701330617386
-0.052188573880677325,0.25087499320456885,0.0800701330617386
-0.052188573880677325,0.25087499320456885,0.0800701330617386
-0.052188573880677325,0.25087499320456885,0.0800701330617386
-0.06941442494536076,0.06705645844336772,0.33712095509766016
-0.06941442494536076,0.06705645844336772,0.33712095509766016
-0.06941442494536076,0.06705645844336772,0.33712095509766016
-0.06941442494536076,0.06705645844336772,0.33712095509766016
-0.06941442494536076,0.06705645844336772,0.33712095509766016
-0.06941442494536076,0.06705645844336772,0.33712095509766016
-0.2437300415450494,-0.003623985555286424,0.20663534724726418
-0.2437300415450494,-0.003623985555286424,0.20663534724726418
-0.2437300415450494,-0.003623985555286424,0.20663534724726418
-0.2437300415450494,-0.003623985555286424,0.20663534724726418
-0.2437300415450494,-0.003623985555286424,0.20663534724726418
-0.2437300415450494,-0.003623985555286424,0.20663534724726418
-0.2353132210523281,0.6937623050799893,0.2675686005633082
-0.2353132210523281,0.6937623050799893,0.2675686005633082
-0.2353132210523281,0.6937623050799893,0.2675686005633082
-0.2353132210523281,0.6937623050799893,0.2675686005633082
-0.2353132210523281,0.6937623050799893,0.2675686005633082
-0.2353132210523281,0.6937623050799893,0.2675686005633082
-0.08991178367367159,-1.3094947671311026,0.2403339477342783
-0.08991178367367159,-1.3094947671311026,0.2403339477342783
-0.08991178367367159,-1.3094947671311026,0.2403339477342783
-0.08991178367367159,-1.3094947671311026,0.2403339477342783
-0.08991178367367159,-1.3094947671311026,0.2403339477342783
-0.08991178367367159,-1.3094947671311026,0.2403339477342783
0.1559610994669054,0.5835699641792154,0.20334187625130085
0.1559610994669054,0.5835699641792154,0.20334187625130085
0.1559610994669054,0.5835699641792154,0.20334187625130085
0.1559610994669054,0.5835699641792154,0.20334187625130085
0.1559610994669054,0.5835699641792154,0.20334187625130085
0.1559610994669054,0.5835699641792154,0.20334187625130085
0.15489199685416022,-0.6499978617485844,0.09775141414765898
0.15489199685416022,-0.6499978617485844,0.09775141414765898
0.15489199685416022,-0.6499978617485844,0.09775141414765898
0.15489199685416022,-0.6499978617485844,0.09775141414765898
0.15489199685416022,-0.6499978617485844,0.09775141414765898
0.15489199685416022,-0.6499978617485844,0.09775141414765898
-0.05277998318213761,1.1811242603707495,0.15611652188117375
-0.05277998318213761,1.1811242603707495,0.15611652188117375
-0.05277998318213761,1.1811242603707495,0.15611652188117375
-0.05277998318213761,1.1811242603707495,0.15611652188117375
-0.05277998318213761,1.1811242603707495,0.15611652188117375
-0.05277998318213761,1.1811242603707495,0.15611652188117375
-0.16477800001769882,-0.10065940704240361,-0.06483140281780209
-0.16477800001769882,-0.10065940704240361,-0.06483140281780209
-0.16477800001769882,-0.10065940704240361,-0.06483140281780209
-0.16477800001769882,-0.10065940704240361,-0.06483140281780209
-0.16477800001769882,-0.10065940704240361,-0.06483140281780209
-0.16477800001769882,-0.10065940704240361,-0.06483140281780209
-3.020093385477473,-0.33465977242537903,0.14462836488817032
-3.020093385477473,-0.33465977242537903,0.14462836488817032
-3.020093385477473,-0.33465977242537903,0.14462836488817032
-3.020093385477473,-0.33465977242537903,0.14462836488817032
-3.020093385477473,-0.33465977242537903,0.14462836488817032
-3.020093385477473,-0.33465977242537903,0.14462836488817032
-0.8872447343496397,-0.6493162344229084,0.3054856183885306
-0.8872447343496397,-0.6493162344229084,0.3054856183885306
-0.8872447343496397,-0.6493162344229084,0.3054856183885306
-0.8872447343496397,-0.6493162344229084,0.3054856183885306
-0.8872447343496397,-0.6493162344229084,0.3054856183885306
-0.8872447343496397,-0.6493162344229084,0.3054856183885306
-0.35520756749673854,-0.65096019172017,0.2880603779087849
-0.35520756749673854,-0.65096019172017,0.2880603779087849
-0.35520756749673854,-0.65096019172017,0.2880603779087849
-0.35520756749673854,-0.65096019172017,0.2880603779087849
-0.35520756749673854,-0.65096019172017,0.2880603779087849
-0.35520756749673854,-0.65096019172017,0.2880603779087849
-0.15330147150546303,-0.844530009867734,0.38466383181715713
-0.15330147150546303,-0.844530009867734,0.38466383181715713
-0.15330147150546303,-0.844530009867734,0.38466383181715713
-0.15330147150546303,-0.844530009867734,0.38466383181715713
-0.15330147150546303,-0.844530009867734,0.38466383181715713
-0.15330147150546303,-0.844530009867734,0.38466383181715713
0.05458361031885417,-0.040974387680558166,0.15745943328268908
0.05458361031885417,-0.040974387680558166,0.15745943328268908
0.05458361031885417,-0.040974387680558166,0.15745943328268908
0.05458361031885417,-0.040974387680558166,0.15745943328268908
0.05458361031885417,-0.040974387680558166,0.15745943328268908
0.05458361031885417,-0.040974387680558166,0.15745943328268908
0.267734312283225,-1.128940332884099,0.12553016452262966
0.267734312283225,-1.128940332884099,0.12553016452262966
0.267734312283225,-1.128940332884099,0.12553016452262966
0.267734312283225,-1.128940332884099,0.12553016452262966
0.267734312283225,-1.128940332884099,0.12553016452262966
0.267734312283225,-1.128940332884099,0.12553016452262966
0.2252593049817211,0.26525864207231287,-0.16194103949064242
0.2252593049817211,0.26525864207231287,-0.16194103949064242
0.2252593049817211,0.26525864207231287,-0.16194103949064242
0.2252593049817211,0.26525864207231287,-0.16194103949064242
0.2252593049817211,0.26525864207231287,-0.16194103949064242
0.2252593049817211,0.26525864207231287,-0.16194103949064242
-0.019126277687504967,-0.5369476806053033,-0.23823771504432756
-0.019126277687504967,-0.5369476806053033,-0.23823771504432756
-0.019126277687504967,-0.5369476806053033,-0.23823771504432756
-0.019126277687504967,-0.5369476806053033,-0.23823771504432756
-0.019126277687504967,-0.5369476806053033,-0.23823771504432756
-0.019126277687504967,-0.5369476806053033,-0.23823771504432756
-0.016191684326809508,0.40346933889504655,-0.12441000202201735
-0.016191684326809508,0.40346933889504655,-0.12441000202201735
-0.016191684326809508,0.40346933889504655,-0.12441000202201735
-0.016191684326809508,0.40346933889504655,-0.12441000202201735
-0.016191684326809508,0.40346933889504655,-0.12441000202201735
-0.016191684326809508,0.40346933889504655,-0.12441000202201735
3.5,-0.21919231422615937,-0.10976346660091707
3.5,-0.21919231422615937,-0.10976346660091707
3.5,-0.21919231422615937,-0.10976346660091707
3.5,-0.21919231422615937,-0.10976346660091707
3.5,-0.21919231422615937,-0.10976346660091707
3.5,-0.21919231422615937,-0.10976346660091707
3.5,0.7770443099769899,-0.09055561222567121
3.5,0.7770443099769899,-0.09055561222567121
3.5,0.7770443099769899,-0.09055561222567121
3.5,0.7770443099769899,-0.09055561222567121
3.5,0.7770443099769899,-0.09055561222567121
3.5,0.7770443099769899,-0.09055561222567121
3.5,2.1824878637194836,-0.008855874586870982
3.5,2.1824878637194836,-0.008855874586870982
3.5,2.1824878637194836,-0.008855874586870982
3.5,2.1824878637194836,-0.008855874586870982
3.5,2.1824878637194836,-0.008855874586870982
3.5,2.1824878637194836,-0.008855874586870982
3.5,2.394717797330159,0.34284764519264144
3.5,2.394717797330159,0.34284764519264144
3.5,2.394717797330159,0.34284764519264144
3.5,2.394717797330159,0.34284764519264144
3.5,2.394717797330159,0.34284764519264144
3.5,2.394717797330159,0.34284764519264144
3.5,2.677509585113988,0.08049044599697197
3.5,2.677509585113988,0.08049044599697197
3.5,2.677509585113988,0.08049044599697197
3.5,2.677509585113988,0.08049044599697197
3.5,2.677509585113988,0.08049044599697197
3.5,2.677509585113988,0.08049044599697197
3.5,3.32179430146401,-0.00546915251909752
3.5,3.32179430146401,-0.00546915251909752
3.5,3.32179430146401,-0.00546915251909752
3.5,3.32179430146401,-0.00546915251909752
3.5,3.32179430146401,-0.00546915251909752
3.5,3.32179430146401,-0.00546915251909752
3.5,1.4830595646717661,-0.012469005940765499
3.5,1.4830595646717661,-0.012469005940765499
3.5,1.4830595646717661,-0.012469005940765499
3.5,1.4830595646717661,-0.012469005940765499
3.5,1.4830595646717661,-0.012469005940765499
3.5,1.4830595646717661,-0.012469005940765499
2.3560979951779046,3.5,-0.1663731432392339
2.3560979951779046,3.5,-0.1663731432392339
2.3560979951779046,3.5,-0.1663731432392339
2.3560979951779046,3.5,-0.1663731432392339
2.3560979951779046,3.5,-0.1663731432392339
2.3560979951779046,3.5,-0.1663731432392339
1.2601964914782506,3.3588870473508408,-0.07040310407930406
1.2601964914782506,3.3588870473508408,-0.07040310407930406
1.2601964914782506,3.3588870473508408,-0.07040310407930406
1.2601964914782506,3.3588870473508408,-0.07040310407930406
1.2601964914782506,3.3588870473508408,-0.07040310407930406
1.2601964914782506,3.3588870473508408,-0.07040310407930406
0.3595681860620523,1.8397859999876331,0.1709577008501597
0.3595681860620523,1.8397859999876331,0.1709577008501597
0.3595681860620523,1.8397859999876331,0.1709577008501597
0.3595681860620523,1.8397859999876331,0.1709577008501597
0.3595681860620523,1.8397859999876331,0.1709577008501597
0.3595681860620523,1.8397859999876331,0.1709577008501597
0.08867651032960211,2.057063744087216,0.10352149772991481
0.08867651032960211,2.057063744087216,0.10352149772991481
0.08867651032960211,2.057063744087216,0.10352149772991481
0.08867651032960211,2.057063744087216,0.10352149772991481
0.08867651032960211,2.057063744087216,0.10352149772991481
0.08867651032960211,2.057063744087216,0.10352149772991481
0.04872458805376212,0.8703950863153835,0.012705477997805303
0.04872458805376212,0.8703950863153835,0.012705477997805303
0.04872458805376212,0.8703950863153835,0.012705477997805303
0.04872458805376212,0.8703950863153835,0.012705477997805303
0.04872458805376212,0.8703950863153835,0.012705477997805303
0.04872458805376212,0.8703950863153835,0.012705477997805303
0.0371129481110728,1.2479289995800187,0.04056970239662405
0.0371129481110728,1.2479289995800187,0.04056970239662405
0.0371129481110728,1.2479289995800187,0.04056970239662405
0.0371129481110728,1.2479289995800187,0.04056970239662405
0.0371129481110728,1.2479289995800187,0.04056970239662405
0.0371129481110728,1.2479289995800187,0.04056970239662405
-0.05991940711057708,0.27483884455833874,0.03697813822090268
-0.05991940711057708,0.27483884455833874,0.03697813822090268
-0.05991940711057708,0.27483884455833874,0.03697813822090268
-0.05991940711057708,0.27483884455833874,0.03697813822090268
-0.05991940711057708,0.27483884455833874,0.03697813822090268
-0.05991940711057708,0.27483884455833874,0.03697813822090268
0.08958855604666738,1.610271844408949,0.06525242066305026
0.08958855604666738,1.610271844408949,0.06525242066305026
0.08958855604666738,1.610271844408949,0.06525242066305026
0.08958855604666738,1.610271844408949,0.06525242066305026
0.08958855604666738,1.610271844408949,0.06525242066305026
0.08958855604666738,1.610271844408949,0.06525242066305026
0.114218058404159,-1.5501744560692359,-0.017615112642282327
0.114218058404159,-1.5501744560692359,-0.017615112642282327
0.114218058404159,-1.5501744560692359,-0.017615112642282327
0.114218058404159,-1.5501744560692359,-0.017615112642282327
0.114218058404159,-1.5501744560692359,-0.017615112642282327
0.114218058404159,-1.5501744560692359,-0.017615112642282327
-0.105469442926438,0.6335020068106019,0.07272923992663038
-0.105469442926438,0.6335020068106019,0.07272923992663038
-0.105469442926438,0.6335020068106019,0.07272923992663038
-0.105469442926438,0.6335020068106019,0.07272923992663038
-0.105469442926438,0.6335020068106019,0.07272923992663038
-0.105469442926438,0.6335020068106019,0.07272923992663038
0.0018262348432678266,0.29274277954153405,0.14529380303915218
0.0018262348432678266,0.29274277954153405,0.14529380303915218
0.0018262348432678266,0.29274277954153405,0.14529380303915218
0.0018262348432678266,0.29274277954153405,0.14529380303915218
0.0018262348432678266,0.29274277954153405,0.14529380303915218
0.0018262348432678266,0.29274277954153405,0.14529380303915218
0.19408155612832445,0.6749987870594154,-6.56
0.19408155612832445,0.6749987870594154,-6.56
0.19408155612832445,0.6749987870594154,-6.56
0.19408155612832445,0.6749987870594154,-6.56
0.19408155612832445,0.6749987870594154,-6.56
0.19408155612832445,0.6749987870594154,-6.56
0.06604604582779672,-0.6021123044063472,-6.56
0.06604604582779672,-0.6021123044063472,-6.56
0.06604604582779672,-0.6021123044063472,-6.56
0.06604604582779672,-0.6021123044063472,-6.56
0.06604604582779672,-0.6021123044063472,-6.56
0.06604604582779672,-0.6021123044063472,-6.56
-0.02303208121564282,-0.008964054411741529,-6.56
-0.02303208121564282,-0.008964054411741529,-6.56
-0.02303208121564282,-0.008964054411741529,-6.56
-0.02303208121564282,-0.008964054411741529,-6.56
-0.02303208121564282,-0.008964054411741529,-6.56
-0.02303208121564282,-0.008964054411741529,-6.56
0.2089395889775858,0.6947160462152269,-6.56
0.2089395889775858,0.6947160462152269,-6.56
0.2089395889775858,0.6947160462152269,-6.56
0.2089395889775858,0.6947160462152269,-6.56
0.2089395889775858,0.6947160462152269,-6.56
0.2089395889775858,0.6947160462152269,-6.56
0.026021904307569343,-0.5440009570078246,-6.56
0.026021904307569343,-0.5440009570078246,-6.56
0.026021904307569343,-0.5440009570078246,-6.56
0.026021904307569343,-0.5440009570078246,-6.56
0.026021904307569343,-0.5440009570078246,-6.56
0.026021904307569343,-0.5440009570078246,-6.56
0.3376654707905473,1.2267759218460341,-6.56
0.3376654707905473,1.2267759218460341,-6.56
0.3376654707905473,1.2267759218460341,-6.56
0.3376654707905473,1.2267759218460341,-6.56
0.3376654707905473,1.2267759218460341,-6.56
0.3376654707905473,1.2267759218460341,-6.56
-0.06981371245299428,-1.5870185028110129,-3.428028306958735
-0.06981371245299428,-1.5870185028110129,-3.428028306958735
-0.06981371245299428,-1.5870185028110129,-3.428028306958735
-0.06981371245299428,-1.5870185028110129,-3.428028306958735
-0.06981371245299428,-1.5870185028110129,-3.428028306958735
-0.06981371245299428,-1.5870185028110129,-3.428028306958735
0.04481327594997708,0.3099652152054162,-1.5630539994651915
0.04481327594997708,0.3099652152054162,-1.5630539994651915
0.04481327594997708,0.3099652152054162,-1.5630539994651915
0.04481327594997708,0.3099652152054162,-1.5630539994651915
0.04481327594997708,0.3099652152054162,-1.5630539994651915
0.04481327594997708,0.3099652152054162,-1.5630539994651915
0.1877381691397524,0.29268803533360455,3.5
0.1877381691397524,0.29268803533360455,3.5
0.1877381691397524,0.29268803533360455,3.5
0.1877381691397524,0.29268803533360455,3.5
0.1877381691397524,0.29268803533360455,3.5
0.1877381691397524,0.29268803533360455,3.5
0.2723367541843764,0.027633653295453087,2.4177704509787468
0.2723367541843764,0.027633653295453087,2.4177704509787468
0.2723367541843764,0.027633653295453087,2.4177704509787468
0.2723367541843764,0.027633653295453087,2.4177704509787468
0.2723367541843764,0.027633653295453087,2.4177704509787468
0.2723367541843764,0.027633653295453087,2.4177704509787468
-0.1667982012357463,0.06174733160408152,1.2058295886678572
-0.1667982012357463,0.06174733160408152,1.2058295886678572
-0.1667982012357463,0.06174733160408152,1.2058295886678572
-0.1667982012357463,0.06174733160408152,1.2058295886678572
-0.1667982012357463,0.06174733160408152,1.2058295886678572
-0.1667982012357463,0.06174733160408152,1.2058295886678572
-0.14506489873575035,-0.49156481676602226,0.4074480031455785
-0.14506489873575035,-0.49156481676602226,0.4074480031455785
-0.14506489873575035,-0.49156481676602226,0.4074480031455785
-0.14506489873575035,-0.49156481676602226,0.4074480031455785
-0.14506489873575035,-0.49156481676602226,0.4074480031455785
-0.14506489873575035,-0.49156481676602226,0.4074480031455785
-0.1450829673755507,0.5301095218116174,0.21096891923526329
-0.1450829673755507,0.5301095218116174,0.21096891923526329
-0.1450829673755507,0.5301095218116174,0.21096891923526329
-0.1450829673755507,0.5301095218116174,0.21096891923526329
-0.1450829673755507,0.5301095218116174,0.21096891923526329
-0.1450829673755507,0.5301095218116174,0.21096891923526329
-0.21202730462228914,-0.7877551316708917,0.11743666198243474
-0.21202730462228914,-0.7877551316708917,0.11743666198243474
-0.21202730462228914,-0.7877551316708917,0.11743666198243474
-0.21202730462228914,-0.7877551316708917,0.11743666198243474
-0.21202730462228914,-0.7877551316708917,0.11743666198243474
-0.21202730462228914,-0.7877551316708917,0.11743666198243474
-0.04867583655985186,0.14956605024904945,0.16809934033103247
-0.04867583655985186,0.14956605024904945,0.16809934033103247
-0.04867583655985186,0.14956605024904945,0.16809934033103247
-0.04867583655985186,0.14956605024904945,0.16809934033103247
-0.04867583655985186,0.14956605024904945,0.16809934033103247
-0.04867583655985186,0.14956605024904945,0.16809934033103247
0.019323606918245417,0.4784995328383488,0.1143943552766622
0.019323606918245417,0.4784995328383488,0.1143943552766622
0.019323606918245417,0.4784995328383488,0.1143943552766622
0.019323606918245417,0.4784995328383488,0.1143943552766622
0.019323606918245417,0.4784995328383488,0.1143943552766622
0.019323606918245417,0.4784995328383488,0.1143943552766622
-0.15662861668911887,-0.29678346482871376,-0.0494977788775266
-0.15662861668911887,-0.29678346482871376,-0.0494977788775266
-0.15662861668911887,-0.29678346482871376,-0.0494977788775266
-0.15662861668911887,-0.29678346482871376,-0.0494977788775266
-0.15662861668911887,-0.29678346482871376,-0.0494977788775266
-0.15662861668911887,-0.29678346482871376,-0.0494977788775266
-0.05431626873815887,-0.4884665830404131,0.023875055156700853
-0.05431626873815887,-0.4884665830404131,0.023875055156700853
-0.05431626873815887,-0.4884665830404131,0.023875055156700853
-0.05431626873815887,-0.4884665830404131,0.023875055156700853
-0.05431626873815887,-0.4884665830404131,0.023875055156700853
-0.05431626873815887,-0.4884665830404131,0.023875055156700853
-0.007136874083247591,1.0420406483594888,0.053467395697200715
-0.007136874083247591,1.0420406483594888,0.053467395697200715
-0.007136874083247591,1.0420406483594888,0.053467395697200715
-0.007136874083247591,1.0420406483594888,0.053467395697200715
-0.007136874083247591,1.0420406483594888,0.053467395697200715
-0.007136874083247591,1.0420406483594888,0.053467395697200715
0.07061507484970164,-1.3321714626617265,-0.031346839084363864
0.07061507484970164,-1.3321714626617265,-0.031346839084363864
0.07061507484970164,-1.3321714626617265,-0.031346839084363864
0.07061507484970164,-1.3321714626617265,-0.031346839084363864
0.07061507484970164,-1.3321714626617265,-0.031346839084363864
0.07061507484970164,-1.3321714626617265,-0.031346839084363864
0.0953039259179711,0.8164887415960962,0.06942889844293987
0.0953039259179711,0.8164887415960962,0.06942889844293987
0.0953039259179711,0.8164887415960962,0.06942889844293987
0.0953039259179711,0.8164887415960962,0.06942889844293987
0.0953039259179711,0.8164887415960962,0.06942889844293987
0.0953039259179711,0.8164887415960962,0.06942889844293987
0.03325731538196308,-1.1280115689699315,0.02251482676408756
0.03325731538196308,-1.1280115689699315,0.02251482676408756
0.03325731538196308,-1.1280115689699315,0.02251482676408756
0.03325731538196308,-1.1280115689699315,0.02251482676408756
0.03325731538196308,-1.1280115689699315,0.02251482676408756
0.03325731538196308,-1.1280115689699315,0.02251482676408756
-0.07870373651581986,0.6614948877766693,0.10757933531769126
-0.07870373651581986,0.6614948877766693,0.10757933531769126
-0.07870373651581986,0.6614948877766693,0.10757933531769126
-0.07870373651581986,0.6614948877766693,0.10757933531769126
-0.07870373651581986,0.6614948877766693,0.10757933531769126
-0.07870373651581986,0.6614948877766693,0.10757933531769126
0.200695923352729,-0.43168496434549297,0.12647241630294914
0.200695923352729,-0.43168496434549297,0.12647241630294914
0.200695923352729,-0.43168496434549297,0.12647241630294914
0.200695923352729,-0.43168496434549297,0.12647241630294914
0.200695923352729,-0.43168496434549297,0.12647241630294914
0.200695923352729,-0.43168496434549297,0.12647241630294914
-0.0999992512886756,-0.5807398061822724,-0.0211114364407905
-0.0999992512886756,-0.5807398061822724,-0.0211114364407905
-0.0999992512886756,-0.5807398061822724,-0.0211114364407905
-0.0999992512886756,-0.5807398061822724,-0.0211114364407905
-0.0999992512886756,-0.5807398061822724,-0.0211114364407905
-0.0999992512886756,-0.5807398061822724,-0.0211114364407905
0.06244608926831319,-0.41353756552032905,-0.08797337020970275
0.06244608926831319,-0.41353756552032905,-0.08797337020970275
0.06244608926831319,-0.41353756552032905,-0.08797337020970275
0.06244608926831319,-0.41353756552032905,-0.08797337020970275
0.06244608926831319,-0.41353756552032905,-0.08797337020970275
0.06244608926831319,-0.41353756552032905,-0.08797337020970275
0.1307265183128301,0.7332732392434593,-0.009683919899540427
0.1307265183128301,0.7332732392434593,-0.009683919899540427
0.1307265183128301,0.7332732392434593,-0.009683919899540427
0.1307265183128301,0.7332732392434593,-0.009683919899540427
0.1307265183128301,0.7332732392434593,-0.009683919899540427
0.1307265183128301,0.7332732392434593,-0.009683919899540427
-0.07287718797335074,-0.6558992495287796,-0.04356229414623769
-0.07287718797335074,-0.6558992495287796,-0.04356229414623769
-0.07287718797335074,-0.6558992495287796,-0.04356229414623769
-0.07287718797335074,-0.6558992495287796,-0.04356229414623769
-0.07287718797335074,-0.6558992495287796,-0.04356229414623769
-0.07287718797335074,-0.6558992495287796,-0.04356229414623769
0.08998255435565738,0.9642573906135965,-0.11613842427449583
0.08998255435565738,0.9642573906135965,-0.11613842427449583
0.08998255435565738,0.9642573906135965,-0.11613842427449583
0.08998255435565738,0.9642573906135965,-0.11613842427449583
0.08998255435565738,0.9642573906135965,-0.11613842427449583
0.08998255435565738,0.9642573906135965,-0.11613842427449583
0.05609040242589103,-1.0277825928008468,0.014742509071378862
0.05609040242589103,-1.0277825928008468,0.014742509071378862
0.05609040242589103,-1.0277825928008468,0.014742509071378862
0.05609040242589103,-1.0277825928008468,0.014742509071378862
0.05609040242589103,-1.0277825928008468,0.014742509071378862
0.05609040242589103,-1.0277825928008468,0.014742509071378862
-0.08671777108401102,1.0657692354450177,-0.05173104339552381
-0.08671777108401102,1.0657692354450177,-0.05173104339552381
-0.08671777108401102,1.0657692354450177,-0.05173104339552381
-0.08671777108401102,1.0657692354450177,-0.05173104339552381
-0.08671777108401102,1.0657692354450177,-0.05173104339552381
-0.08671777108401102,1.0657692354450177,-0.05173104339552381
-0.15176263331903073,-0.6580080646327318,-0.04697796726085457
-0.15176263331903073,-0.6580080646327318,-0.04697796726085457
-0.15176263331903073,-0.6580080646327318,-0.04697796726085457
-0.15176263331903073,-0.6580080646327318,-0.04697796726085457
-0.15176263331903073,-0.6580080646327318,-0.04697796726085457
-0.15176263331903073,-0.6580080646327318,-0.04697796726085457
-0.1937838194306707,0.2816890343283305,0.05338738100726559
-0.1937838194306707,0.2816890343283305,0.05338738100726559
-0.1937838194306707,0.2816890343283305,0.05338738100726559
-0.1937838194306707,0.2816890343283305,0.05338738100726559
-0.1937838194306707,0.2816890343283305,0.05338738100726559
-0.1937838194306707,0.2816890343283305,0.05338738100726559
0.12891554490263246,-0.556838156604492,0.07254300864168073
0.12891554490263246,-0.556838156604492,0.07254300864168073
0.12891554490263246,-0.556838156604492,0.07254300864168073
0.12891554490263246,-0.556838156604492,0.07254300864168073
0.12891554490263246,-0.556838156604492,0.07254300864168073
0.12891554490263246,-0.556838156604492,0.07254300864168073
0.038453982099159845,0.5204717432170085,-0.028786897200479444
0.038453982099159845,0.5204717432170085,-0.028786897200479444
0.038453982099159845,0.5204717432170085,-0.028786897200479444
0.038453982099159845,0.5204717432170085,-0.028786897200479444
0.038453982099159845,0.5204717432170085,-0.028786897200479444
0.038453982099159845,0.5204717432170085,-0.028786897200479444
-0.003633020660252839,-0.04649220742864202,0.05559039945833533
-0.003633020660252839,-0.04649220742864202,0.05559039945833533
-0.003633020660252839,-0.04649220742864202,0.05559039945833533
-0.003633020660252839,-0.04649220742864202,0.05559039945833533
-0.003633020660252839,-0.04649220742864202,0.05559039945833533
-0.003633020660252839,-0.04649220742864202,0.05559039945833533
-0.02986007002159141,-0.23041943891947625,-0.1261143926654391
-0.02986007002159141,-0.23041943891947625,-0.1261143926654391
-0.02986007002159141,-0.23041943891947625,-0.1261143926654391
-0.02986007002159141,-0.23041943891947625,-0.1261143926654391
-0.02986007002159141,-0.23041943891947625,-0.1261143926654391
-0.02986007002159141,-0.23041943891947625,-0.1261143926654391
0.1636405281203679,0.4927939369343832,-0.062142806153417496
0.1636405281203679,0.4927939369343832,-0.062142806153417496
0.1636405281203679,0.4927939369343832,-0.062142806153417496
0.1636405281203679,0.4927939369343832,-0.062142806153417496
0.1636405281203679,0.4927939369343832,-0.062142806153417496
0.1636405281203679,0.4927939369343832,-0.062142806153417496
0.10616961167005812,-0.8762839902591608,-0.002550937677312959
0.10616961167005812,-0.8762839902591608,-0.002550937677312959
0.10616961167005812,-0.8762839902591608,-0.002550937677312959
0.10616961167005812,-0.8762839902591608,-0.002550937677312959
0.10616961167005812,-0.8762839902591608,-0.002550937677312959
0.10616961167005812,-0.8762839902591608,-0.002550937677312959
-0.048869177335522096,-0.07652650673161787,0.024185331630693696
-0.048869177335522096,-0.07652650673161787,0.024185331630693696
-0.048869177335522096,-0.07652650673161787,0.024185331630693696
-0.048869177335522096,-0.07652650673161787,0.024185331630693696
-0.048869177335522096,-0.07652650673161787,0.024185331630693696
-0.048869177335522096,-0.07652650673161787,0.024185331630693696
-0.08376832421084401,0.29194476253553603,-0.15700371082613884
-0.08376832421084401,0.29194476253553603,-0.15700371082613884
-0.08376832421084401,0.29194476253553603,-0.15700371082613884
-0.08376832421084401,0.29194476253553603,-0.15700371082613884
-0.08376832421084401,0.29194476253553603,-0.15700371082613884
-0.08376832421084401,0.29194476253553603,-0.15700371082613884
0.07094408414628361,-0.38024524748544053,0.06050430038230914
0.07094408414628361,-0.38024524748544053,0.06050430038230914
0.07094408414628361,-0.38024524748544053,0.06050430038230914
0.07094408414628361,-0.38024524748544053,0.06050430038230914
0.07094408414628361,-0.38024524748544053,0.06050430038230914
0.07094408414628361,-0.38024524748544053,0.06050430038230914
0.1530795254028945,0.7110816883661855,0.14847452321903987
0.1530795254028945,0.7110816883661855,0.14847452321903987
0.1530795254028945,0.7110816883661855,0.14847452321903987
0.1530795254028945,0.7110816883661855,0.14847452321903987
0.1530795254028945,0.7110816883661855,0.14847452321903987
0.1530795254028945,0.7110816883661855,0.14847452321903987
0.06265456617138909,-0.5982194866158252,0.016531139523436877
0.06265456617138909,-0.5982194866158252,0.016531139523436877
0.06265456617138909,-0.5982194866158252,0.016531139523436877
0.06265456617138909,-0.5982194866158252,0.016531139523436877
0.06265456617138909,-0.5982194866158252,0.016531139523436877
0.06265456617138909,-0.5982194866158252,0.016531139523436877
0.26580709454433205,1.097223823945214,-0.12423882332904768
0.26580709454433205,1.097223823945214,-0.12423882332904768
0.26580709454433205,1.097223823945214,-0.12423882332904768
0.26580709454433205,1.097223823945214,-0.12423882332904768
0.26580709454433205,1.097223823945214,-0.12423882332904768
0.26580709454433205,1.097223823945214,-0.12423882332904768
0.13482664658219434,-1.4118141599656369,0.13529945441077373
0.13482664658219434,-1.4118141599656369,0.13529945441077373
0.13482664658219434,-1.4118141599656369,0.13529945441077373
0.13482664658219434,-1.4118141599656369,0.13529945441077373
0.13482664658219434,-1.4118141599656369,0.13529945441077373
0.13482664658219434,-1.4118141599656369,0.13529945441077373
0.23447111313139857,0.4122579858403128,0.3051716077952449
0.23447111313139857,0.4122579858403128,0.3051716077952449
0.23447111313139857,0.4122579858403128,0.3051716077952449
0.23447111313139857,0.4122579858403128,0.3051716077952449
0.23447111313139857,0.4122579858403128,0.3051716077952449
0.23447111313139857,0.4122579858403128,0.3051716077952449
0.23554508982559597,-0.6130851981485108,0.05846320940344896
0.23554508982559597,-0.6130851981485108,0.05846320940344896
0.23554508982559597,-0.6130851981485108,0.05846320940344896
0.23554508982559597,-0.6130851981485108,0.05846320940344896
0.23554508982559597,-0.6130851981485108,0.05846320940344896
0.23554508982559597,-0.6130851981485108,0.05846320940344896
0.07545278441867609,-0.3573276110136234,0.15937612911429255
0.07545278441867609,-0.3573276110136234,0.15937612911429255
0.07545278441867609,-0.3573276110136234,0.15937612911429255
0.07545278441867609,-0.3573276110136234,0.15937612911429255
0.07545278441867609,-0.3573276110136234,0.15937612911429255
0.07545278441867609,-0.3573276110136234,0.15937612911429255
0.25124027906051793,0.5293966822901481,-0.14717963178622284
0.25124027906051793,0.5293966822901481,-0.14717963178622284
0.25124027906051793,0.5293966822901481,-0.14717963178622284
0.25124027906051793,0.5293966822901481,-0.14717963178622284
0.25124027906051793,0.5293966822901481,-0.14717963178622284
0.25124027906051793,0.5293966822901481,-0.14717963178622284
0.307073901600706,0.1144663177395131,-0.14140700261576455
0.307073901600706,0.1144663177395131,-0.14140700261576455
0.307073901600706,0.1144663177395131,-0.14140700261576455
0.307073901600706,0.1144663177395131,-0.14140700261576455
0.307073901600706,0.1144663177395131,-0.14140700261576455
0.307073901600706,0.1144663177395131,-0.14140700261576455
-0.053331868014680595,-0.7969665611824723,-0.07304056752082744
-0.053331868014680595,-0.7969665611824723,-0.07304056752082744
-0.053331868014680595,-0.7969665611824723,-0.07304056752082744
-0.053331868014680595,-0.7969665611824723,-0.07304056752082744
-0.053331868014680595,-0.7969665611824723,-0.07304056752082744
-0.053331868014680595,-0.7969665611824723,-0.07304056752082744
0.15141954035201266,0.23943873226019718,0.009203150607902444
0.15141954035201266,0.23943873226019718,0.009203150607902444
0.15141954035201266,0.23943873226019718,0.009203150607902444
0.15141954035201266,0.23943873226019718,0.009203150607902444
0.15141954035201266,0.23943873226019718,0.009203150607902444
0.15141954035201266,0.23943873226019718,0.009203150607902444
-0.032549926563959275,-0.08756099522730665,0.052647487851533725
-0.032549926563959275,-0.08756099522730665,0.052647487851533725
-0.032549926563959275,-0.08756099522730665,0.052647487851533725
-0.032549926563959275,-0.08756099522730665,0.052647487851533725
-0.032549926563959275,-0.08756099522730665,0.052647487851533725
-0.032549926563959275,-0.08756099522730665,0.052647487851533725
-0.08189710605129719,0.6831899413326212,-0.05362485628694458
-0.08189710605129719,0.6831899413326212,-0.05362485628694458
-0.08189710605129719,0.6831899413326212,-0.05362485628694458
-0.08189710605129719,0.6831899413326212,-0.05362485628694458
-0.08189710605129719,0.6831899413326212,-0.05362485628694458
-0.08189710605129719,0.6831899413326212,-0.05362485628694458
-0.019034840535478992,-0.28193644859160116,0.057518466356498266
-0.019034840535478992,-0.28193644859160116,0.057518466356498266
-0.019034840535478992,-0.28193644859160116,0.057518466356498266
-0.019034840535478992,-0.28193644859160116,0.057518466356498266
-0.019034840535478992,-0.28193644859160116,0.057518466356498266
-0.019034840535478992,-0.28193644859160116,0.057518466356498266
0.19275986107010823,0.1663098863061805,0.07730973172359512
0.19275986107010823,0.1663098863061805,0.07730973172359512
0.19275986107010823,0.1663098863061805,0.07730973172359512
0.19275986107010823,0.1663098863061805,0.07730973172359512
0.19275986107010823,0.1663098863061805,0.07730973172359512
0.19275986107010823,0.1663098863061805,0.07730973172359512
0.13341473741774124,0.2011096121780156,-0.06268847981145953
0.13341473741774124,0.2011096121780156,-0.06268847981145953
0.13341473741774124,0.2011096121780156,-0.06268847981145953
0.13341473741774124,0.2011096121780156,-0.06268847981145953
0.13341473741774124,0.2011096121780156,-0.06268847981145953
0.13341473741774124,0.2011096121780156,-0.06268847981145953
0.037612275255156646,-0.46349841344689224,-0.07775658807179298
0.037612275255156646,-0.46349841344689224,-0.07775658807179298
0.037612275255156646,-0.46349841344689224,-0.07775658807179298
0.037612275255156646,-0.46349841344689224,-0.07775658807179298
0.037612275255156646,-0.46349841344689224,-0.07775658807179298
0.037612275255156646,-0.46349841344689224,-0.07775658807179298
-0.21272237134311567,0.42401046486852323,0.05144372119263707
-0.21272237134311567,0.42401046486852323,0.05144372119263707
-0.21272237134311567,0.42401046486852323,0.05144372119263707
-0.21272237134311567,0.42401046486852323,0.05144372119263707
-0.21272237134311567,0.42401046486852323,0.05144372119263707
-0.21272237134311567,0.42401046486852323,0.05144372119263707
-0.1294079791735463,0.9066456491867285,-0.020876912918655677
-0.1294079791735463,0.9066456491867285,-0.020876912918655677
-0.1294079791735463,0.9066456491867285,-0.020876912918655677
-0.1294079791735463,0.9066456491867285,-0.020876912918655677
-0.1294079791735463,0.9066456491867285,-0.020876912918655677
-0.1294079791735463,0.9066456491867285,-0.020876912918655677
-0.025339920640874425,-0.9298503603253465,0.062275599158102324
-0.025339920640874425,-0.9298503603253465,0.062275599158102324
-0.025339920640874425,-0.9298503603253465,0.062275599158102324
-0.025339920640874425,-0.9298503603253465,0.062275599158102324
-0.025339920640874425,-0.9298503603253465,0.062275599158102324
-0.025339920640874425,-0.9298503603253465,0.062275599158102324
0.14180474970319779,-0.014740734473200234,0.041002083105599496
0.14180474970319779,-0.014740734473200234,0.041002083105599496
0.14180474970319779,-0.014740734473200234,0.041002083105599496
0.14180474970319779,-0.014740734473200234,0.041002083105599496
0.14180474970319779,-0.014740734473200234,0.041002083105599496
0.14180474970319779,-0.014740734473200234,0.041002083105599496
0.2774250790391477,-0.4749018543317902,0.08350295768189397
0.2774250790391477,-0.4749018543317902,0.08350295768189397
0.2774250790391477,-0.4749018543317902,0.08350295768189397
0.2774250790391477,-0.4749018543317902,0.08350295768189397
0.2774250790391477,-0.4749018543317902,0.08350295768189397
0.2774250790391477,-0.4749018543317902,0.08350295768189397
0.09443050324329505,0.18519574687118734,-0.1712443550101561
0.09443050324329505,0.18519574687118734,-0.1712443550101561
0.09443050324329505,0.18519574687118734,-0.1712443550101561
0.09443050324329505,0.18519574687118734,-0.1712443550101561
0.09443050324329505,0.18519574687118734,-0.1712443550101561
0.09443050324329505,0.18519574687118734,-0.1712443550101561
0.03229012885970306,0.1338743620856917,0.19110997883821312
0.03229012885970306,0.1338743620856917,0.19110997883821312
0.03229012885970306,0.1338743620856917,0.19110997883821312
0.03229012885970306,0.1338743620856917,0.19110997883821312
0.03229012885970306,0.1338743620856917,0.19110997883821312
0.03229012885970306,0.1338743620856917,0.19110997883821312
-0.024411189592047577,0.012674370240503663,-0.03313918098873714
-0.024411189592047577,0.012674370240503663,-0.03313918098873714
-0.024411189592047577,0.012674370240503663,-0.03313918098873714
-0.024411189592047577,0.012674370240503663,-0.03313918098873714
-0.024411189592047577,0.012674370240503663,-0.03313918098873714
-0.024411189592047577,0.012674370240503663,-0.03313918098873714
0.2023382228863575,0.08748449270865422,-0.07372625068465766
0.2023382228863575,0.08748449270865422,-0.07372625068465766
0.2023382228863575,0.08748449270865422,-0.07372625068465766
0.2023382228863575,0.08748449270865422,-0.07372625068465766
0.2023382228863575,0.08748449270865422,-0.07372625068465766
0.2023382228863575,0.08748449270865422,-0.07372625068465766
0.3171191362509198,0.6656040334144393,0.165720048516647
0.3171191362509198,0.6656040334144393,0.165720048516647
0.3171191362509198,0.6656040334144393,0.165720048516647
0.3171191362509198,0.6656040334144393,0.165720048516647
0.3171191362509198,0.6656040334144393,0.165720048516647
0.3171191362509198,0.6656040334144393,0.165720048516647
0.051063042131783476,0.4327332123078378,0.15785338934255932
0.051063042131783476,0.4327332123078378,0.15785338934255932
0.051063042131783476,0.4327332123078378,0.15785338934255932
0.051063042131783476,0.4327332123078378,0.15785338934255932
0.051063042131783476,0.4327332123078378,0.15785338934255932
0.051063042131783476,0.4327332123078378,0.15785338934255932
-0.060412705766452746,-0.551149711210563,0.015810589676696907
-0.060412705766452746,-0.551149711210563,0.015810589676696907
-0.060412705766452746,-0.551149711210563,0.015810589676696907
-0.060412705766452746,-0.551149711210563,0.015810589676696907
-0.060412705766452746,-0.551149711210563,0.015810589676696907
-0.060412705766452746,-0.551149711210563,0.015810589676696907
0.15425738608150397,0.6961673193614146,0.21823734597636602
0.15425738608150397,0.6961673193614146,0.21823734597636602
0.15425738608150397,0.6961673193614146,0.21823734597636602
0.15425738608150397,0.6961673193614146,0.21823734597636602
0.15425738608150397,0.6961673193614146,0.21823734597636602
0.15425738608150397,0.6961673193614146,0.21823734597636602
-0.02187974063398812,0.54393965175489,-0.03247126271099887
-0.02187974063398812,0.54393965175489,-0.03247126271099887
-0.02187974063398812,0.54393965175489,-0.03247126271099887
-0.02187974063398812,0.54393965175489,-0.03247126271099887
-0.02187974063398812,0.54393965175489,-0.03247126271099887
-0.02187974063398812,0.54393965175489,-0.03247126271099887
-0.027917093140839455,-0.9186351105544404,-0.10891930125384164
-0.027917093140839455,-0.9186351105544404,-0.10891930125384164
-0.027917093140839455,-0.9186351105544404,-0.10891930125384164
-0.027917093140839455,-0.9186351105544404,-0.10891930125384164
-0.027917093140839455,-0.9186351105544404,-0.10891930125384164
-0.027917093140839455,-0.9186351105544404,-0.10891930125384164
-0.04573869780769968,0.5344279295865277,0.0167841589670239
-0.04573869780769968,0.5344279295865277,0.0167841589670239
-0.04573869780769968,0.5344279295865277,0.0167841589670239
-0.04573869780769968,0.5344279295865277,0.0167841589670239
-0.04573869780769968,0.5344279295865277,0.0167841589670239
-0.04573869780769968,0.5344279295865277,0.0167841589670239
0.12962239041709367,-0.6999138080559248,0.03857064482700778
0.12962239041709367,-0.6999138080559248,0.03857064482700778
0.12962239041709367,-0.6999138080559248,0.03857064482700778
0.12962239041709367,-0.6999138080559248,0.03857064482700778
0.12962239041709367,-0.6999138080559248,0.03857064482700778
0.12962239041709367,-0.6999138080559248,0.03857064482700778
-0.06456298851212239,0.5895264993564524,-0.028654379493939786
-0.06456298851212239,0.5895264993564524,-0.028654379493939786
-0.06456298851212239,0.5895264993564524,-0.028654379493939786
-0.06456298851212239,0.5895264993564524,-0.028654379493939786
-0.06456298851212239,0.5895264993564524,-0.028654379493939786
-0.06456298851212239,0.5895264993564524,-0.028654379493939786
0.06019421582857021,0.4041554997660697,0.0866372639698838
0.06019421582857021,0.4041554997660697,0.0866372639698838
0.06019421582857021,0.4041554997660697,0.0866372639698838
0.06019421582857021,0.4041554997660697,0.0866372639698838
0.06019421582857021,0.4041554997660697,0.0866372639698838
0.06019421582857021,0.4041554997660697,0.0866372639698838
0.04711515915437303,-0.43226975928752864,0.14710348568623743
0.04711515915437303,-0.43226975928752864,0.14710348568623743
0.04711515915437303,-0.43226975928752864,0.14710348568623743
0.04711515915437303,-0.43226975928752864,0.14710348568623743
0.04711515915437303,-0.43226975928752864,0.14710348568623743
0.04711515915437303,-0.43226975928752864,0.14710348568623743
-0.07944826254404092,1.2198085497037283,0.1559938786507118
-0.07944826254404092,1.2198085497037283,0.1559938786507118
-0.07944826254404092,1.2198085497037283,0.1559938786507118
-0.07944826254404092,1.2198085497037283,0.1559938786507118
-0.07944826254404092,1.2198085497037283,0.1559938786507118
-0.07944826254404092,1.2198085497037283,0.1559938786507118
0.07054547135781775,-0.5988974148851085,0.18466282856777738
0.07054547135781775,-0.5988974148851085,0.18466282856777738
0.07054547135781775,-0.5988974148851085,0.18466282856777738
0.07054547135781775,-0.5988974148851085,0.18466282856777738
0.07054547135781775,-0.5988974148851085,0.18466282856777738
0.07054547135781775,-0.5988974148851085,0.18466282856777738
0.2055115687564033,-0.4980202809281309,0.0808457320726319
0.2055115687564033,-0.4980202809281309,0.0808457320726319
0.2055115687564033,-0.4980202809281309,0.0808457320726319
0.2055115687564033,-0.4980202809281309,0.0808457320726319
0.2055115687564033,-0.4980202809281309,0.0808457320726319
0.2055115687564033,-0.4980202809281309,0.0808457320726319
0.02804470101321499,0.3916123913965279,0.027950638558682073
0.02804470101321499,0.3916123913965279,0.027950638558682073
0.02804470101321499,0.3916123913965279,0.027950638558682073
0.02804470101321499,0.3916123913965279,0.027950638558682073
0.02804470101321499,0.3916123913965279,0.027950638558682073
0.02804470101321499,0.3916123913965279,0.027950638558682073
0.044138087046096786,0.2557055778000503,0.1765974318594168
0.044138087046096786,0.2557055778000503,0.1765974318594168
0.044138087046096786,0.2557055778000503,0.1765974318594168
0.044138087046096786,0.2557055778000503,0.1765974318594168
0.044138087046096786,0.2557055778000503,0.1765974318594168
0.044138087046096786,0.2557055778000503,0.1765974318594168
-0.03759763602638344,0.003756215370046334,0.13021297153377986
-0.03759763602638344,0.003756215370046334,0.13021297153377986
-0.03759763602638344,0.003756215370046334,0.13021297153377986
-0.03759763602638344,0.003756215370046334,0.13021297153377986
-0.03759763602638344,0.003756215370046334,0.13021297153377986
-0.03759763602638344,0.003756215370046334,0.13021297153377986
-0.09614445072866573,-0.5155493868238707,-0.026707018127257953
-0.09614445072866573,-0.5155493868238707,-0.026707018127257953
-0.09614445072866573,-0.5155493868238707,-0.026707018127257953
-0.09614445072866573,-0.5155493868238707,-0.026707018127257953
-0.09614445072866573,-0.5155493868238707,-0.026707018127257953
-0.09614445072866573,-0.5155493868238707,-0.026707018127257953
-0.16626019584224494,0.5881853764419205,0.015692740438819186
-0.16626019584224494,0.5881853764419205,0.015692740438819186
-0.16626019584224494,0.5881853764419205,0.015692740438819186
-0.16626019584224494,0.5881853764419205,0.015692740438819186
-0.16626019584224494,0.5881853764419205,0.015692740438819186
-0.16626019584224494,0.5881853764419205,0.015692740438819186
-0.1535856999464862,-0.3883431809054727,-0.07749077808198734
-0.1535856999464862,-0.3883431809054727,-0.07749077808198734
-0.1535856999464862,-0.3883431809054727,-0.07749077808198734
-0.1535856999464862,-0.3883431809054727,-0.07749077808198734
-0.1535856999464862,-0.3883431809054727,-0.07749077808198734
-0.1535856999464862,-0.3883431809054727,-0.07749077808198734
0.046368391155052535,0.20884387914649238,0.10391721513088825
0.046368391155052535,0.20884387914649238,0.10391721513088825
0.046368391155052535,0.20884387914649238,0.10391721513088825
0.046368391155052535,0.20884387914649238,0.10391721513088825
0.046368391155052535,0.20884387914649238,0.10391721513088825
0.046368391155052535,0.20884387914649238,0.10391721513088825
0.1327986947091091,0.421188889425828,0.035097124959456494
0.1327986947091091,0.421188889425828,0.035097124959456494
0.1327986947091091,0.421188889425828,0.035097124959456494
0.1327986947091091,0.421188889425828,0.035097124959456494
0.1327986947091091,0.421188889425828,0.035097124959456494
0.1327986947091091,0.421188889425828,0.035097124959456494
-0.16813886210712425,0.19624405522163357,0.032792915644275666
-0.16813886210712425,0.19624405522163357,0.032792915644275666
-0.16813886210712425,0.19624405522163357,0.032792915644275666
-0.16813886210712425,0.19624405522163357,0.032792915644275666
-0.16813886210712425,0.19624405522163357,0.032792915644275666
-0.16813886210712425,0.19624405522163357,0.032792915644275666
-0.2594790653681258,0.35960776905058367,0.07174795647342691
-0.2594790653681258,0.35960776905058367,0.07174795647342691
-0.2594790653681258,0.35960776905058367,0.07174795647342691
-0.2594790653681258,0.35960776905058367,0.07174795647342691
-0.2594790653681258,0.35960776905058367,0.07174795647342691
-0.2594790653681258,0.35960776905058367,0.07174795647342691
0.04295350509972451,-0.39564405914151735,-6.56
0.04295350509972451,-0.39564405914151735,-6.56
0.04295350509972451,-0.39564405914151735,-6.56
0.04295350509972451,-0.39564405914151735,-6.56
0.04295350509972451,-0.39564405914151735,-6.56
0.04295350509972451,-0.39564405914151735,-6.56
-0.14946371692249727,0.45185832130351855,-6.56
-0.14946371692249727,0.45185832130351855,-6.56
-0.14946371692249727,0.45185832130351855,-6.56
-0.14946371692249727,0.45185832130351855,-6.56
-0.14946371692249727,0.45185832130351855,-6.56
-0.14946371692249727,0.45185832130351855,-6.56
-0.06168644317790495,0.19707905940882142,-6.56
-0.06168644317790495,0.19707905940882142,-6.56
-0.06168644317790495,0.19707905940882142,-6.56
-0.06168644317790495,0.19707905940882142,-6.56
-0.06168644317790495,0.19707905940882142,-6.56
-0.06168644317790495,0.19707905940882142,-6.56
0.05094551491429655,-0.3182474346935322,-3.9981073721290272
0.05094551491429655,-0.3182474346935322,-3.9981073721290272
0.05094551491429655,-0.3182474346935322,-3.9981073721290272
0.05094551491429655,-0.3182474346935322,-3.9981073721290272
0.05094551491429655,-0.3182474346935322,-3.9981073721290272
0.05094551491429655,-0.3182474346935322,-3.9981073721290272
-0.0590867059410094,-0.3479510250185598,3.5
-0.0590867059410094,-0.3479510250185598,3.5
-0.0590867059410094,-0.3479510250185598,3.5
-0.0590867059410094,-0.3479510250185598,3.5
-0.0590867059410094,-0.3479510250185598,3.5
-0.0590867059410094,-0.3479510250185598,3.5
0.08530351316842655,0.5814202884002171,3.5
0.08530351316842655,0.5814202884002171,3.5
0.08530351316842655,0.5814202884002171,3.5
0.08530351316842655,0.5814202884002171,3.5
0.08530351316842655,0.5814202884002171,3.5
0.08530351316842655,0.5814202884002171,3.5
-0.007014422177718416,-0.5694076710406009,3.5
-0.007014422177718416,-0.5694076710406009,3.5
-0.007014422177718416,-0.5694076710406009,3.5
-0.007014422177718416,-0.5694076710406009,3.5
-0.007014422177718416,-0.5694076710406009,3.5
-0.007014422177718416,-0.5694076710406009,3.5
0.06368736691508659,0.2500509102467916,3.5
0.06368736691508659,0.2500509102467916,3.5
0.06368736691508659,0.2500509102467916,3.5
0.06368736691508659,0.2500509102467916,3.5
0.06368736691508659,0.2500509102467916,3.5
0.06368736691508659,0.2500509102467916,3.5
0.26472137507385796,0.383475194513224,3.5
0.26472137507385796,0.383475194513224,3.5
0.26472137507385796,0.383475194513224,3.5
0.26472137507385796,0.383475194513224,3.5
0.26472137507385796,0.383475194513224,3.5
0.26472137507385796,0.383475194513224,3.5
0.2951276562693046,-0.1327264782230131,3.5
0.2951276562693046,-0.1327264782230131,3.5
0.2951276562693046,-0.1327264782230131,3.5
0.2951276562693046,-0.1327264782230131,3.5
0.2951276562693046,-0.1327264782230131,3.5
0.2951276562693046,-0.1327264782230131,3.5
0.07064492182806248,-0.1827806910285048,3.5
0.07064492182806248,-0.1827806910285048,3.5
0.07064492182806248,-0.1827806910285048,3.5
0.07064492182806248,-0.1827806910285048,3.5
0.07064492182806248,-0.1827806910285048,3.5
0.07064492182806248,-0.1827806910285048,3.5
0.06303570693433258,0.2913411724204167,1.9088090292445337
0.06303570693433258,0.2913411724204167,1.9088090292445337
0.06303570693433258,0.2913411724204167,1.9088090292445337
0.06303570693433258,0.2913411724204167,1.9088090292445337
0.06303570693433258,0.2913411724204167,1.9088090292445337
0.06303570693433258,0.2913411724204167,1.9088090292445337
-0.17965503824891016,0.17567077710240397,0.6469260601968756
-0.17965503824891016,0.17567077710240397,0.6469260601968756
-0.17965503824891016,0.17567077710240397,0.6469260601968756
-0.17965503824891016,0.17567077710240397,0.6469260601968756
-0.17965503824891016,0.17567077710240397,0.6469260601968756
-0.17965503824891016,0.17567077710240397,0.6469260601968756
-0.13597528469486164,-0.6824820226101522,0.12148726909729035
-0.13597528469486164,-0.6824820226101522,0.12148726909729035
-0.13597528469486164,-0.6824820226101522,0.12148726909729035
-0.13597528469486164,-0.6824820226101522,0.12148726909729035
-0.13597528469486164,-0.6824820226101522,0.12148726909729035
-0.13597528469486164,-0.6824820226101522,0.12148726909729035
-0.09661875764897232,0.6400925739635781,-0.05119283515826112
-0.09661875764897232,0.6400925739635781,-0.05119283515826112
-0.09661875764897232,0.6400925739635781,-0.05119283515826112
-0.09661875764897232,0.6400925739635781,-0.05119283515826112
-0.09661875764897232,0.6400925739635781,-0.05119283515826112
-0.09661875764897232,0.6400925739635781,-0.05119283515826112
-0.14593890105895468,-0.2311641341413022,0.11891399377504541
-0.14593890105895468,-0.2311641341413022,0.11891399377504541
-0.14593890105895468,-0.2311641341413022,0.11891399377504541
-0.14593890105895468,-0.2311641341413022,0.11891399377504541
-0.14593890105895468,-0.2311641341413022,0.11891399377504541
-0.14593890105895468,-0.2311641341413022,0.11891399377504541
-0.09540174271075941,0.8437445177547005,0.029018700540429876
-0.09540174271075941,0.8437445177547005,0.029018700540429876
-0.09540174271075941,0.8437445177547005,0.029018700540429876
-0.09540174271075941,0.8437445177547005,0.029018700540429876
-0.09540174271075941,0.8437445177547005,0.029018700540429876
-0.09540174271075941,0.8437445177547005,0.029018700540429876
-0.16217709915314416,-1.0855491737408087,-0.04574427255016289
-0.16217709915314416,-1.0855491737408087,-0.04574427255016289
-0.16217709915314416,-1.0855491737408087,-0.04574427255016289
-0.16217709915314416,-1.0855491737408087,-0.04574427255016289
-0.16217709915314416,-1.0855491737408087,-0.04574427255016289
-0.16217709915314416,-1.0855491737408087,-0.04574427255016289
-0.1426832516372727,1.0496107648540445,-0.03470805044466729
-0.1426832516372727,1.0496107648540445,-0.03470805044466729
-0.1426832516372727,1.0496107648540445,-0.03470805044466729
-0.1426832516372727,1.0496107648540445,-0.03470805044466729
-0.1426832516372727,1.0496107648540445,-0.03470805044466729
-0.1426832516372727,1.0496107648540445,-0.03470805044466729
-0.033909521329274384,0.4294784472257902,-0.08128359232311766
-0.033909521329274384,0.4294784472257902,-0.08128359232311766
-0.033909521329274384,0.4294784472257902,-0.08128359232311766
-0.033909521329274384,0.4294784472257902,-0.08128359232311766
-0.033909521329274384,0.4294784472257902,-0.08128359232311766
-0.033909521329274384,0.4294784472257902,-0.08128359232311766
-0.04775854921118139,0.6412279625041108,-0.04485998388607371
-0.04775854921118139,0.6412279625041108,-0.04485998388607371
-0.04775854921118139,0.6412279625041108,-0.04485998388607371
-0.04775854921118139,0.6412279625041108,-0.04485998388607371
-0.04775854921118139,0.6412279625041108,-0.04485998388607371
-0.04775854921118139,0.6412279625041108,-0.04485998388607371
0.01001487756360575,-0.8083734784509176,-0.009596478061226321
0.01001487756360575,-0.8083734784509176,-0.009596478061226321
0.01001487756360575,-0.8083734784509176,-0.009596478061226321
0.01001487756360575,-0.8083734784509176,-0.009596478061226321
0.01001487756360575,-0.8083734784509176,-0.009596478061226321
0.01001487756360575,-0.8083734784509176,-0.009596478061226321
0.27144754619721567,0.3186365484277829,0.11819376876388077
0.27144754619721567,0.3186365484277829,0.11819376876388077
0.27144754619721567,0.3186365484277829,0.11819376876388077
0.27144754619721567,0.3186365484277829,0.11819376876388077
0.27144754619721567,0.3186365484277829,0.11819376876388077
0.27144754619721567,0.3186365484277829,0.11819376876388077
0.08412052953373106,-0.4395600698260793,0.23827349495671868
0.08412052953373106,-0.4395600698260793,0.23827349495671868
0.08412052953373106,-0.4395600698260793,0.23827349495671868
0.08412052953373106,-0.4395600698260793,0.23827349495671868
0.08412052953373106,-0.4395600698260793,0.23827349495671868
0.08412052953373106,-0.4395600698260793,0.23827349495671868
0.1945924597254347,0.13032846645361218,-0.03390892210997265
0.1945924597254347,0.13032846645361218,-0.03390892210997265
0.1945924597254347,0.13032846645361218,-0.03390892210997265
0.1945924597254347,0.13032846645361218,-0.03390892210997265
0.1945924597254347,0.13032846645361218,-0.03390892210997265
0.1945924597254347,0.13032846645361218,-0.03390892210997265
-0.09449854625268017,-0.39528605003574313,-0.017636828644981506
-0.09449854625268017,-0.39528605003574313,-0.017636828644981506
-0.09449854625268017,-0.39528605003574313,-0.017636828644981506
-0.09449854625268017,-0.39528605003574313,-0.017636828644981506
-0.09449854625268017,-0.39528605003574313,-0.017636828644981506
-0.09449854625268017,-0.39528605003574313,-0.017636828644981506
-6.56,0.9478321916357544,-0.12286381936360868
-6.56,0.9478321916357544,-0.12286381936360868
-6.56,0.9478321916357544,-0.12286381936360868
-6.56,0.9478321916357544,-0.12286381936360868
-6.56,0.9478321916357544,-0.12286381936360868
-6.56,0.9478321916357544,-0.12286381936360868
-3.042520630353371,-2.162895353650022,0.08622674709768674
-3.042520630353371,-2.162895353650022,0.08622674709768674
-3.042520630353371,-2.162895353650022,0.08622674709768674
-3.042520630353371,-2.162895353650022,0.08622674709768674
-3.042520630353371,-2.162895353650022,0.08622674709768674
-3.042520630353371,-2.162895353650022,0.08622674709768674
-1.3365758241324581,-3.2434140778593346,0.04496025890394506
-1.3365758241324581,-3.2434140778593346,0.04496025890394506
-1.3365758241324581,-3.2434140778593346,0.04496025890394506
-1.3365758241324581,-3.2434140778593346,0.04496025890394506
-1.3365758241324581,-3.2434140778593346,0.04496025890394506
-1.3365758241324581,-3.2434140778593346,0.04496025890394506
-0.5930216894810094,-1.9577081543151564,-0.12966886616068152
-0.5930216894810094,-1.9577081543151564,-0.12966886616068152
-0.5930216894810094,-1.9577081543151564,-0.12966886616068152
-0.5930216894810094,-1.9577081543151564,-0.12966886616068152
-0.5930216894810094,-1.9577081543151564,-0.12966886616068152
-0.5930216894810094,-1.9577081543151564,-0.12966886616068152
-0.31395926699597787,-1.4231745481091096,-0.10575007685602245
-0.31395926699597787,-1.4231745481091096,-0.10575007685602245
-0.31395926699597787,-1.4231745481091096,-0.10575007685602245
-0.31395926699597787,-1.4231745481091096,-0.10575007685602245
-0.31395926699597787,-1.4231745481091096,-0.10575007685602245
-0.31395926699597787,-1.4231745481091096,-0.10575007685602245
-0.11998609572276919,-0.3808518343592979,-0.06322941157988637
-0.11998609572276919,-0.3808518343592979,-0.06322941157988637
-0.11998609572276919,-0.3808518343592979,-0.06322941157988637
-0.11998609572276919,-0.3808518343592979,-0.06322941157988637
-0.11998609572276919,-0.3808518343592979,-0.06322941157988637
-0.11998609572276919,-0.3808518343592979,-0.06322941157988637
-0.05563041306709948,-1.5910203258310673,-0.157399558298291
-0.05563041306709948,-1.5910203258310673,-0.157399558298291
-0.05563041306709948,-1.5910203258310673,-0.157399558298291
-0.05563041306709948,-1.5910203258310673,-0.157399558298291
-0.05563041306709948,-1.5910203258310673,-0.157399558298291
-0.05563041306709948,-1.5910203258310673,-0.157399558298291
-0.10259654834973908,0.09906706686835065,-0.12130206189516102
-0.10259654834973908,0.09906706686835065,-0.12130206189516102
-0.10259654834973908,0.09906706686835065,-0.12130206189516102
-0.10259654834973908,0.09906706686835065,-0.12130206189516102
-0.10259654834973908,0.09906706686835065,-0.12130206189516102
-0.10259654834973908,0.09906706686835065,-0.12130206189516102
-0.15586595552699123,-0.9194298409098991,0.1324091666388192
-0.15586595552699123,-0.9194298409098991,0.1324091666388192
-0.15586595552699123,-0.9194298409098991,0.1324091666388192
-0.15586595552699123,-0.9194298409098991,0.1324091666388192
-0.15586595552699123,-0.9194298409098991,0.1324091666388192
-0.15586595552699123,-0.9194298409098991,0.1324091666388192
-0.1410732349451358,-0.2179300088498266,0.05519387491807137
-0.1410732349451358,-0.2179300088498266,0.05519387491807137
-0.1410732349451358,-0.2179300088498266,0.05519387491807137
-0.1410732349451358,-0.2179300088498266,0.05519387491807137
-0.1410732349451358,-0.2179300088498266,0.05519387491807137
-0.1410732349451358,-0.2179300088498266,0.05519387491807137
-0.08023825745565993,0.1632526375911283,-0.23578505683243733
-0.08023825745565993,0.1632526375911283,-0.23578505683243733
-0.08023825745565993,0.1632526375911283,-0.23578505683243733
-0.08023825745565993,0.1632526375911283,-0.23578505683243733
