c0.a,c1.a,i0.a
0.0,3.5,0.0
0.0,3.5,0.0
0.0,3.5,0.0
0.0,3.5,0.0
0.0,3.5,0.0
-0.059851353359263726,3.5,-0.017234339226263273
-0.059851353359263726,3.5,-0.017234339226263273
-0.059851353359263726,3.5,-0.017234339226263273
-0.059851353359263726,3.5,-0.017234339226263273
-0.059851353359263726,3.5,-0.017234339226263273
0.006365906426324841,-0.4520725078693957,0.059318392985890256
0.006365906426324841,-0.4520725078693957,0.059318392985890256
0.006365906426324841,-0.4520725078693957,0.059318392985890256
0.006365906426324841,-0.4520725078693957,0.059318392985890256
0.006365906426324841,-0.4520725078693957,0.059318392985890256
0.00941320629839737,-6.56,0.08590833251353658
0.00941320629839737,-6.56,0.08590833251353658
0.00941320629839737,-6.56,0.08590833251353658
0.00941320629839737,-6.56,0.08590833251353658
0.00941320629839737,-6.56,0.08590833251353658
-0.09255202607050883,-0.7727065332888827,0.10833686029595668
-0.09255202607050883,-0.7727065332888827,0.10833686029595668
-0.09255202607050883,-0.7727065332888827,0.10833686029595668
-0.09255202607050883,-0.7727065332888827,0.10833686029595668
-0.09255202607050883,-0.7727065332888827,0.10833686029595668
-0.03858968306515109,-4.805292489478674,0.1475302401387637
-0.03858968306515109,-4.805292489478674,0.1475302401387637
-0.03858968306515109,-4.805292489478674,0.1475302401387637
-0.03858968306515109,-4.805292489478674,0.1475302401387637
-0.03858968306515109,-4.805292489478674,0.1475302401387637
-0.022963245111327524,-0.9361576777083904,-0.04230525084548731
-0.022963245111327524,-0.9361576777083904,-0.04230525084548731
-0.022963245111327524,-0.9361576777083904,-0.04230525084548731
-0.022963245111327524,-0.9361576777083904,-0.04230525084548731
-0.022963245111327524,-0.9361576777083904,-0.04230525084548731
-0.060119325869711915,-0.43064947100919326,-0.020640795021655833
-0.060119325869711915,-0.43064947100919326,-0.020640795021655833
-0.060119325869711915,-0.43064947100919326,-0.020640795021655833
-0.060119325869711915,-0.43064947100919326,-0.020640795021655833
-0.060119325869711915,-0.43064947100919326,-0.020640795021655833
-0.00802714840668095,-2.286271396727173,0.02076001914218395
-0.00802714840668095,-2.286271396727173,0.02076001914218395
-0.00802714840668095,-2.286271396727173,0.02076001914218395
-0.00802714840668095,-2.286271396727173,0.02076001914218395
-0.00802714840668095,-2.286271396727173,0.02076001914218395
0.03167096224192534,0.48326655682057407,0.11319183140019362
0.03167096224192534,0.48326655682057407,0.11319183140019362
0.03167096224192534,0.48326655682057407,0.11319183140019362
0.03167096224192534,0.48326655682057407,0.11319183140019362
0.03167096224192534,0.48326655682057407,0.11319183140019362
-0.04478546363914937,0.824420979227316,0.007280946722378445
-0.04478546363914937,0.824420979227316,0.007280946722378445
-0.04478546363914937,0.824420979227316,0.007280946722378445
-0.04478546363914937,0.824420979227316,0.007280946722378445
-0.04478546363914937,0.824420979227316,0.007280946722378445
0.02926839458712216,-2.1896096929532654,-0.0020924170541647413
0.02926839458712216,-2.1896096929532654,-0.0020924170541647413
0.02926839458712216,-2.1896096929532654,-0.0020924170541647413
0.02926839458712216,-2.1896096929532654,-0.0020924170541647413
0.02926839458712216,-2.1896096929532654,-0.0020924170541647413
-0.023759112956815542,0.2788836210959573,0.06348696280743482
-0.023759112956815542,0.2788836210959573,0.06348696280743482
-0.023759112956815542,0.2788836210959573,0.06348696280743482
-0.023759112956815542,0.2788836210959573,0.06348696280743482
-0.023759112956815542,0.2788836210959573,0.06348696280743482
0.045666194472355315,1.78421331531802,0.07683981028435838
0.045666194472355315,1.78421331531802,0.07683981028435838
0.045666194472355315,1.78421331531802,0.07683981028435838
0.045666194472355315,1.78421331531802,0.07683981028435838
0.045666194472355315,1.78421331531802,0.07683981028435838
-0.12718606542856925,-2.0183576981854614,0.12056191512321845
-0.12718606542856925,-2.0183576981854614,0.12056191512321845
-0.12718606542856925,-2.0183576981854614,0.12056191512321845
-0.12718606542856925,-2.0183576981854614,0.12056191512321845
-0.12718606542856925,-2.0183576981854614,0.12056191512321845
-0.05893953238603089,3.5,0.09349602012505187
-0.05893953238603089,3.5,0.09349602012505187
-0.05893953238603089,3.5,0.09349602012505187
-0.05893953238603089,3.5,0.09349602012505187
-0.05893953238603089,3.5,0.09349602012505187
0.08413182535490904,-2.4897357657753716,0.047799854009561216
0.08413182535490904,-2.4897357657753716,0.047799854009561216
0.08413182535490904,-2.4897357657753716,0.047799854009561216
0.08413182535490904,-2.4897357657753716,0.047799854009561216
0.08413182535490904,-2.4897357657753716,0.047799854009561216
-6.56,3.0002673386249192,0.10765689239633502
-6.56,3.0002673386249192,0.10765689239633502
-6.56,3.0002673386249192,0.10765689239633502
-6.56,3.0002673386249192,0.10765689239633502
-6.56,3.0002673386249192,0.10765689239633502
-4.012516356223773,-2.845348121351588,0.12826595960336462
-4.012516356223773,-2.845348121351588,0.12826595960336462
-4.012516356223773,-2.845348121351588,0.12826595960336462
-4.012516356223773,-2.845348121351588,0.12826595960336462
-4.012516356223773,-2.845348121351588,0.12826595960336462
-1.6946237233195987,-2.951043348188417,0.0799156255272706
-1.6946237233195987,-2.951043348188417,0.0799156255272706
-1.6946237233195987,-2.951043348188417,0.0799156255272706
-1.6946237233195987,-2.951043348188417,0.0799156255272706
-1.6946237233195987,-2.951043348188417,0.0799156255272706
-0.961788785392883,-2.6824751815013883,-0.08690833193407244
-0.961788785392883,-2.6824751815013883,-0.08690833193407244
-0.961788785392883,-2.6824751815013883,-0.08690833193407244
-0.961788785392883,-2.6824751815013883,-0.08690833193407244
-0.961788785392883,-2.6824751815013883,-0.08690833193407244
-0.2703906624278183,-2.2686874278539335,0.032481686540133836
-0.2703906624278183,-2.2686874278539335,0.032481686540133836
-0.2703906624278183,-2.2686874278539335,0.032481686540133836
-0.2703906624278183,-2.2686874278539335,0.032481686540133836
-0.2703906624278183,-2.2686874278539335,0.032481686540133836
-0.13385448686323909,-1.4818120662414103,0.021207931229188404
-0.13385448686323909,-1.4818120662414103,0.021207931229188404
-0.13385448686323909,-1.4818120662414103,0.021207931229188404
-0.13385448686323909,-1.4818120662414103,0.021207931229188404
-0.13385448686323909,-1.4818120662414103,0.021207931229188404
-0.011250758564305907,-0.6161958221370565,-0.04769767768847899
-0.011250758564305907,-0.6161958221370565,-0.04769767768847899
-0.011250758564305907,-0.6161958221370565,-0.04769767768847899
-0.011250758564305907,-0.6161958221370565,-0.04769767768847899
-0.011250758564305907,-0.6161958221370565,-0.04769767768847899
0.06373811906102345,-1.3703962092393116,0.014694269636279955
0.06373811906102345,-1.3703962092393116,0.014694269636279955
0.06373811906102345,-1.3703962092393116,0.014694269636279955
0.06373811906102345,-1.3703962092393116,0.014694269636279955
0.06373811906102345,-1.3703962092393116,0.014694269636279955
-0.09080899776752183,-0.757845322736781,-0.006126901967988374
-0.09080899776752183,-0.757845322736781,-0.006126901967988374
-0.09080899776752183,-0.757845322736781,-0.006126901967988374
-0.09080899776752183,-0.757845322736781,-0.006126901967988374
-0.09080899776752183,-0.757845322736781,-0.006126901967988374
-0.014944581403534274,-0.0704894229158306,-0.04710903003903155
-0.014944581403534274,-0.0704894229158306,-0.04710903003903155
-0.014944581403534274,-0.0704894229158306,-0.04710903003903155
-0.014944581403534274,-0.0704894229158306,-0.04710903003903155
-0.014944581403534274,-0.0704894229158306,-0.04710903003903155
0.024169270733675252,-0.5617532126467202,-0.016069952045182134
0.024169270733675252,-0.5617532126467202,-0.016069952045182134
0.024169270733675252,-0.5617532126467202,-0.016069952045182134
0.024169270733675252,-0.5617532126467202,-0.016069952045182134
0.024169270733675252,-0.5617532126467202,-0.016069952045182134
0.019486322344516305,-0.2388526944590299,-0.10245637127624008
0.019486322344516305,-0.2388526944590299,-0.10245637127624008
0.019486322344516305,-0.2388526944590299,-0.10245637127624008
0.019486322344516305,-0.2388526944590299,-0.10245637127624008
0.019486322344516305,-0.2388526944590299,-0.10245637127624008
0.1254744950796297,0.047059117657967775,-0.11342097032466825
0.1254744950796297,0.047059117657967775,-0.11342097032466825
0.1254744950796297,0.047059117657967775,-0.11342097032466825
0.1254744950796297,0.047059117657967775,-0.11342097032466825
0.1254744950796297,0.047059117657967775,-0.11342097032466825
0.17128419624514812,-0.4193948779668675,0.022815816149442725
0.17128419624514812,-0.4193948779668675,0.022815816149442725
0.17128419624514812,-0.4193948779668675,0.022815816149442725
0.17128419624514812,-0.4193948779668675,0.022815816149442725
0.17128419624514812,-0.4193948779668675,0.022815816149442725
-0.023805812251261105,0.2610851656144837,-0.10362427743941538
-0.023805812251261105,0.2610851656144837,-0.10362427743941538
-0.023805812251261105,0.2610851656144837,-0.10362427743941538
-0.023805812251261105,0.2610851656144837,-0.10362427743941538
-0.023805812251261105,0.2610851656144837,-0.10362427743941538
0.026458314172563724,0.007258613916945045,-0.02255122504102758
0.026458314172563724,0.007258613916945045,-0.02255122504102758
0.026458314172563724,0.007258613916945045,-0.02255122504102758
0.026458314172563724,0.007258613916945045,-0.02255122504102758
0.026458314172563724,0.007258613916945045,-0.02255122504102758
-0.054067779076947375,-0.10269369418254981,-0.10571367795611053
-0.054067779076947375,-0.10269369418254981,-0.10571367795611053
-0.054067779076947375,-0.10269369418254981,-0.10571367795611053
-0.054067779076947375,-0.10269369418254981,-0.10571367795611053
-0.054067779076947375,-0.10269369418254981,-0.10571367795611053
0.012528416633458606,0.006691613321879508,-0.07622746304218708
0.012528416633458606,0.006691613321879508,-0.07622746304218708
0.012528416633458606,0.006691613321879508,-0.07622746304218708
0.012528416633458606,0.006691613321879508,-0.07622746304218708
0.012528416633458606,0.006691613321879508,-0.07622746304218708
0.04740516834382791,0.13910596226138705,0.006979566165735918
0.04740516834382791,0.13910596226138705,0.006979566165735918
0.04740516834382791,0.13910596226138705,0.006979566165735918
0.04740516834382791,0.13910596226138705,0.006979566165735918
0.04740516834382791,0.13910596226138705,0.006979566165735918
0.021327734784883146,0.07190202680886948,0.09020504435207499
0.021327734784883146,0.07190202680886948,0.09020504435207499
0.021327734784883146,0.07190202680886948,0.09020504435207499
0.021327734784883146,0.07190202680886948,0.09020504435207499
0.021327734784883146,0.07190202680886948,0.09020504435207499
0.08609768043211519,-0.19793928036022024,0.00859943000871155
0.08609768043211519,-0.19793928036022024,0.00859943000871155
0.08609768043211519,-0.19793928036022024,0.00859943000871155
0.08609768043211519,-0.19793928036022024,0.00859943000871155
0.08609768043211519,-0.19793928036022024,0.00859943000871155
0.0848376378195792,0.10727512335350187,-0.0923105574691796
0.0848376378195792,0.10727512335350187,-0.0923105574691796
0.0848376378195792,0.10727512335350187,-0.0923105574691796
0.0848376378195792,0.10727512335350187,-0.0923105574691796
0.0848376378195792,0.10727512335350187,-0.0923105574691796
0.018057983530910482,0.08456409200927406,-0.05132085478810211
0.018057983530910482,0.08456409200927406,-0.05132085478810211
0.018057983530910482,0.08456409200927406,-0.05132085478810211
0.018057983530910482,0.08456409200927406,-0.05132085478810211
0.018057983530910482,0.08456409200927406,-0.05132085478810211
0.036068574587436286,0.042768167625802045,-0.01956925847826696
0.036068574587436286,0.042768167625802045,-0.01956925847826696
0.036068574587436286,0.042768167625802045,-0.01956925847826696
0.036068574587436286,0.042768167625802045,-0.01956925847826696
0.036068574587436286,0.042768167625802045,-0.01956925847826696
0.025152200055204688,-0.2686795692171078,-0.08462958079902094
0.025152200055204688,-0.2686795692171078,-0.08462958079902094
0.025152200055204688,-0.2686795692171078,-0.08462958079902094
0.025152200055204688,-0.2686795692171078,-0.08462958079902094
0.025152200055204688,-0.2686795692171078,-0.08462958079902094
0.04163770710129788,0.30984326968625164,0.1139312205904055
0.04163770710129788,0.30984326968625164,0.1139312205904055
0.04163770710129788,0.30984326968625164,0.1139312205904055
0.04163770710129788,0.30984326968625164,0.1139312205904055
0.04163770710129788,0.30984326968625164,0.1139312205904055
0.001178767356235455,-0.018829171997882366,0.05939777865319584
0.001178767356235455,-0.018829171997882366,0.05939777865319584
0.001178767356235455,-0.018829171997882366,0.05939777865319584
0.001178767356235455,-0.018829171997882366,0.05939777865319584
0.001178767356235455,-0.018829171997882366,0.05939777865319584
0.08571412744519147,-0.3992173177789884,0.05800155365315263
0.08571412744519147,-0.3992173177789884,0.05800155365315263
0.08571412744519147,-0.3992173177789884,0.05800155365315263
0.08571412744519147,-0.3992173177789884,0.05800155365315263
0.08571412744519147,-0.3992173177789884,0.05800155365315263
0.04704149177309458,0.4276567224712198,0.11366050565405317
0.04704149177309458,0.4276567224712198,0.11366050565405317
0.04704149177309458,0.4276567224712198,0.11366050565405317
0.04704149177309458,0.4276567224712198,0.11366050565405317
0.04704149177309458,0.4276567224712198,0.11366050565405317
0.09621940924715122,0.043422786490162624,0.03926108145364893
0.09621940924715122,0.043422786490162624,0.03926108145364893
0.09621940924715122,0.043422786490162624,0.03926108145364893
0.09621940924715122,0.043422786490162624,0.03926108145364893
0.09621940924715122,0.043422786490162624,0.03926108145364893
0.023539930977479973,0.1858430606316026,0.09045231444462942
0.023539930977479973,0.1858430606316026,0.09045231444462942
0.023539930977479973,0.1858430606316026,0.09045231444462942
0.023539930977479973,0.1858430606316026,0.09045231444462942
0.023539930977479973,0.1858430606316026,0.09045231444462942
-0.028601239064652395,-0.2929355056400371,-0.05432542104069071
-0.028601239064652395,-0.2929355056400371,-0.05432542104069071
-0.028601239064652395,-0.2929355056400371,-0.05432542104069071
-0.028601239064652395,-0.2929355056400371,-0.05432542104069071
-0.028601239064652395,-0.2929355056400371,-0.05432542104069071
-0.015037734897410338,-0.10533613779361106,0.04481834369873994
-0.015037734897410338,-0.10533613779361106,0.04481834369873994
-0.015037734897410338,-0.10533613779361106,0.04481834369873994
-0.015037734897410338,-0.10533613779361106,0.04481834369873994
-0.015037734897410338,-0.10533613779361106,0.04481834369873994
0.0193924875465753,0.3034980652512178,-0.041383391305764405
0.0193924875465753,0.3034980652512178,-0.041383391305764405
0.0193924875465753,0.3034980652512178,-0.041383391305764405
0.0193924875465753,0.3034980652512178,-0.041383391305764405
0.0193924875465753,0.3034980652512178,-0.041383391305764405
-0.006564086424764803,0.07911068570422564,0.0022737985194041244
-0.006564086424764803,0.07911068570422564,0.0022737985194041244
-0.006564086424764803,0.07911068570422564,0.0022737985194041244
-0.006564086424764803,0.07911068570422564,0.0022737985194041244
-0.006564086424764803,0.07911068570422564,0.0022737985194041244
0.052643887628302855,-0.3234606797844706,-0.05448180929061763
0.052643887628302855,-0.3234606797844706,-0.05448180929061763
0.052643887628302855,-0.3234606797844706,-0.05448180929061763
0.052643887628302855,-0.3234606797844706,-0.05448180929061763
0.052643887628302855,-0.3234606797844706,-0.05448180929061763
0.014935350877764875,0.29647990607184105,-0.023318630300472876
0.014935350877764875,0.29647990607184105,-0.023318630300472876
0.014935350877764875,0.29647990607184105,-0.023318630300472876
0.014935350877764875,0.29647990607184105,-0.023318630300472876
0.014935350877764875,0.29647990607184105,-0.023318630300472876
0.1187325100927541,-0.07692754904456045,-0.02732704054072954
0.1187325100927541,-0.07692754904456045,-0.02732704054072954
0.1187325100927541,-0.07692754904456045,-0.02732704054072954
0.1187325100927541,-0.07692754904456045,-0.02732704054072954
0.1187325100927541,-0.07692754904456045,-0.02732704054072954
0.03082376519934993,0.03814861455526053,-0.08948411433155812
0.03082376519934993,0.03814861455526053,-0.08948411433155812
0.03082376519934993,0.03814861455526053,-0.08948411433155812
0.03082376519934993,0.03814861455526053,-0.08948411433155812
0.03082376519934993,0.03814861455526053,-0.08948411433155812
0.006737233502933204,0.16991872687965892,-0.04413502928843016
0.006737233502933204,0.16991872687965892,-0.04413502928843016
0.006737233502933204,0.16991872687965892,-0.04413502928843016
0.006737233502933204,0.16991872687965892,-0.04413502928843016
0.006737233502933204,0.16991872687965892,-0.04413502928843016
0.015843516787888756,-0.2672188745554829,0.08833019437142653
0.015843516787888756,-0.2672188745554829,0.08833019437142653
0.015843516787888756,-0.2672188745554829,0.08833019437142653
0.015843516787888756,-0.2672188745554829,0.08833019437142653
0.015843516787888756,-0.2672188745554829,0.08833019437142653
0.12900954237221918,-0.14777098419882617,-0.08173574450406562
0.12900954237221918,-0.14777098419882617,-0.08173574450406562
0.12900954237221918,-0.14777098419882617,-0.08173574450406562
0.12900954237221918,-0.14777098419882617,-0.08173574450406562
0.12900954237221918,-0.14777098419882617,-0.08173574450406562
0.09952680454482488,-0.11490359685895934,-0.04672806135718588
0.09952680454482488,-0.11490359685895934,-0.04672806135718588
0.09952680454482488,-0.11490359685895934,-0.04672806135718588
0.09952680454482488,-0.11490359685895934,-0.04672806135718588
0.09952680454482488,-0.11490359685895934,-0.04672806135718588
0.05349839819908653,-0.2768780834604885,-0.04062855407772048
0.05349839819908653,-0.2768780834604885,-0.04062855407772048
0.05349839819908653,-0.2768780834604885,-0.04062855407772048
0.05349839819908653,-0.2768780834604885,-0.04062855407772048
0.05349839819908653,-0.2768780834604885,-0.04062855407772048
0.0010589423744522541,0.34595045673873637,-0.029003619201102282
0.0010589423744522541,0.34595045673873637,-0.029003619201102282
0.0010589423744522541,0.34595045673873637,-0.029003619201102282
0.0010589423744522541,0.34595045673873637,-0.029003619201102282
0.0010589423744522541,0.34595045673873637,-0.029003619201102282
0.10751787206203256,-0.21751340703138555,-0.04345182496948041
0.10751787206203256,-0.21751340703138555,-0.04345182496948041
0.10751787206203256,-0.21751340703138555,-0.04345182496948041
0.10751787206203256,-0.21751340703138555,-0.04345182496948041
0.10751787206203256,-0.21751340703138555,-0.04345182496948041
0.019743632156376645,0.23340081539484991,0.08313331358224474
0.019743632156376645,0.23340081539484991,0.08313331358224474
0.019743632156376645,0.23340081539484991,0.08313331358224474
0.019743632156376645,0.23340081539484991,0.08313331358224474
0.019743632156376645,0.23340081539484991,0.08313331358224474
0.02230770721838593,-0.30401548157434344,0.0758783350991834
0.02230770721838593,-0.30401548157434344,0.0758783350991834
0.02230770721838593,-0.30401548157434344,0.0758783350991834
0.02230770721838593,-0.30401548157434344,0.0758783350991834
0.02230770721838593,-0.30401548157434344,0.0758783350991834
0.12428900020694311,0.01561008383989515,0.09551138849337804
0.12428900020694311,0.01561008383989515,0.09551138849337804
0.12428900020694311,0.01561008383989515,0.09551138849337804
0.12428900020694311,0.01561008383989515,0.09551138849337804
0.12428900020694311,0.01561008383989515,0.09551138849337804
0.0030209388409888627,0.12206067352266281,-0.0044250175690478954
0.0030209388409888627,0.12206067352266281,-0.0044250175690478954
0.0030209388409888627,0.12206067352266281,-0.0044250175690478954
0.0030209388409888627,0.12206067352266281,-0.0044250175690478954
0.0030209388409888627,0.12206067352266281,-0.0044250175690478954
0.026229499599025985,0.0508478130979253,-0.03269617051947549
0.026229499599025985,0.0508478130979253,-0.03269617051947549
0.026229499599025985,0.0508478130979253,-0.03269617051947549
0.026229499599025985,0.0508478130979253,-0.03269617051947549
0.026229499599025985,0.0508478130979253,-0.03269617051947549
0.04960771593731117,-0.10848902475059097,-0.058499707964223546
0.04960771593731117,-0.10848902475059097,-0.058499707964223546
0.04960771593731117,-0.10848902475059097,-0.058499707964223546
0.04960771593731117,-0.10848902475059097,-0.058499707964223546
0.04960771593731117,-0.10848902475059097,-0.058499707964223546
0.012076474703345053,0.26708865261678993,-0.06118017875154891
0.012076474703345053,0.26708865261678993,-0.06118017875154891
0.012076474703345053,0.26708865261678993,-0.06118017875154891
0.012076474703345053,0.26708865261678993,-0.06118017875154891
0.012076474703345053,0.26708865261678993,-0.06118017875154891
-0.040569872608709034,-0.14918428980392684,0.07102801966269112
-0.040569872608709034,-0.14918428980392684,0.07102801966269112
-0.040569872608709034,-0.14918428980392684,0.07102801966269112
-0.040569872608709034,-0.14918428980392684,0.07102801966269112
-0.040569872608709034,-0.14918428980392684,0.07102801966269112
0.06004482493678143,0.2619813579414243,0.03041899386849778
0.06004482493678143,0.2619813579414243,0.03041899386849778
0.06004482493678143,0.2619813579414243,0.03041899386849778
0.06004482493678143,0.2619813579414243,0.03041899386849778
0.06004482493678143,0.2619813579414243,0.03041899386849778
0.02549670042159191,0.05615465934762476,-0.049129004302407964
0.02549670042159191,0.05615465934762476,-0.049129004302407964
0.02549670042159191,0.05615465934762476,-0.049129004302407964
0.02549670042159191,0.05615465934762476,-0.049129004302407964
0.02549670042159191,0.05615465934762476,-0.049129004302407964
0.11468861479844517,0.4708262646524568,-0.02233282598495734
0.11468861479844517,0.4708262646524568,-0.02233282598495734
0.11468861479844517,0.4708262646524568,-0.02233282598495734
0.11468861479844517,0.4708262646524568,-0.02233282598495734
0.11468861479844517,0.4708262646524568,-0.02233282598495734
0.0028509877017431906,-0.11459712293678348,-0.055765408129190064
0.0028509877017431906,-0.11459712293678348,-0.055765408129190064
0.0028509877017431906,-0.11459712293678348,-0.055765408129190064
0.0028509877017431906,-0.11459712293678348,-0.055765408129190064
0.0028509877017431906,-0.11459712293678348,-0.055765408129190064
-0.030733336753257512,-0.29679035448072244,0.0736032539907221
-0.030733336753257512,-0.29679035448072244,0.0736032539907221
-0.030733336753257512,-0.29679035448072244,0.0736032539907221
-0.030733336753257512,-0.29679035448072244,0.0736032539907221
-0.030733336753257512,-0.29679035448072244,0.0736032539907221
0.026228438388400388,0.31839495323817135,-0.01717755279249289
0.026228438388400388,0.31839495323817135,-0.01717755279249289
0.026228438388400388,0.31839495323817135,-0.01717755279249289
0.026228438388400388,0.31839495323817135,-0.01717755279249289
0.026228438388400388,0.31839495323817135,-0.01717755279249289
0.1541288310503819,0.3158469624160152,-0.06607328783335475
0.1541288310503819,0.3158469624160152,-0.06607328783335475
0.1541288310503819,0.3158469624160152,-0.06607328783335475
0.1541288310503819,0.3158469624160152,-0.06607328783335475
0.1541288310503819,0.3158469624160152,-0.06607328783335475
0.07295148885991831,-0.2861107519200079,0.048010918574181716
0.07295148885991831,-0.2861107519200079,0.048010918574181716
0.07295148885991831,-0.2861107519200079,0.048010918574181716
0.07295148885991831,-0.2861107519200079,0.048010918574181716
0.07295148885991831,-0.2861107519200079,0.048010918574181716
0.11594949333519888,-0.04165150904499004,0.04113630979925631
0.11594949333519888,-0.04165150904499004,0.04113630979925631
0.11594949333519888,-0.04165150904499004,0.04113630979925631
0.11594949333519888,-0.04165150904499004,0.04113630979925631
0.11594949333519888,-0.04165150904499004,0.04113630979925631
0.0707400024698045,-0.2043533320752986,-0.0016516709085294679
0.0707400024698045,-0.2043533320752986,-0.0016516709085294679
0.0707400024698045,-0.2043533320752986,-0.0016516709085294679
0.0707400024698045,-0.2043533320752986,-0.0016516709085294679
0.0707400024698045,-0.2043533320752986,-0.0016516709085294679
0.03159195164274342,0.2737134267223911,0.06006876410062745
0.03159195164274342,0.2737134267223911,0.06006876410062745
0.03159195164274342,0.2737134267223911,0.06006876410062745
0.03159195164274342,0.2737134267223911,0.06006876410062745
0.03159195164274342,0.2737134267223911,0.06006876410062745
0.012477689054060326,-0.10833600721509495,0.0360473480450878
0.012477689054060326,-0.10833600721509495,0.0360473480450878
0.012477689054060326,-0.10833600721509495,0.0360473480450878
0.012477689054060326,-0.10833600721509495,0.0360473480450878
0.012477689054060326,-0.10833600721509495,0.0360473480450878
0.05011099175438449,0.017814696995125168,0.006715285478069433
0.05011099175438449,0.017814696995125168,0.006715285478069433
0.05011099175438449,0.017814696995125168,0.006715285478069433
0.05011099175438449,0.017814696995125168,0.006715285478069433
0.05011099175438449,0.017814696995125168,0.006715285478069433
-0.03343222476265273,-0.43027921542138725,0.07323886628310561
-0.03343222476265273,-0.43027921542138725,0.07323886628310561
-0.03343222476265273,-0.43027921542138725,0.07323886628310561
-0.03343222476265273,-0.43027921542138725,0.07323886628310561
-0.03343222476265273,-0.43027921542138725,0.07323886628310561
0.011955922902699756,0.22190998769317383,0.054195650567390175
0.011955922902699756,0.22190998769317383,0.054195650567390175
0.011955922902699756,0.22190998769317383,0.054195650567390175
0.011955922902699756,0.22190998769317383,0.054195650567390175
0.011955922902699756,0.22190998769317383,0.054195650567390175
0.01731623117274539,-0.07304040188768268,0.08748956681572295
0.01731623117274539,-0.07304040188768268,0.08748956681572295
0.01731623117274539,-0.07304040188768268,0.08748956681572295
0.01731623117274539,-0.07304040188768268,0.08748956681572295
0.01731623117274539,-0.07304040188768268,0.08748956681572295
0.06462406666485643,0.24376405776071608,0.04110253789653484
0.06462406666485643,0.24376405776071608,0.04110253789653484
0.06462406666485643,0.24376405776071608,0.04110253789653484
0.06462406666485643,0.24376405776071608,0.04110253789653484
0.06462406666485643,0.24376405776071608,0.04110253789653484
0.033090134116324,-0.3800327064051743,-0.10176288157149571
0.033090134116324,-0.3800327064051743,-0.10176288157149571
0.033090134116324,-0.3800327064051743,-0.10176288157149571
0.033090134116324,-0.3800327064051743,-0.10176288157149571
0.033090134116324,-0.3800327064051743,-0.10176288157149571
0.09819174752942295,0.10682024861274364,-0.04068740250119163
0.09819174752942295,0.10682024861274364,-0.04068740250119163
0.09819174752942295,0.10682024861274364,-0.04068740250119163
0.09819174752942295,0.10682024861274364,-0.04068740250119163
0.09819174752942295,0.10682024861274364,-0.04068740250119163
0.057369329480656095,0.13202721255877758,0.018566132508198052
0.057369329480656095,0.13202721255877758,0.018566132508198052
0.057369329480656095,0.13202721255877758,0.018566132508198052
0.057369329480656095,0.13202721255877758,0.018566132508198052
0.057369329480656095,0.13202721255877758,0.018566132508198052
0.04162010628982038,-0.1950990089064033,-0.04855658686642883
0.04162010628982038,-0.1950990089064033,-0.04855658686642883
0.04162010628982038,-0.1950990089064033,-0.04855658686642883
0.04162010628982038,-0.1950990089064033,-0.04855658686642883
0.04162010628982038,-0.1950990089064033,-0.04855658686642883
0.01207869679661533,0.06677940830257367,-0.00543777516920585
0.01207869679661533,0.06677940830257367,-0.00543777516920585
0.01207869679661533,0.06677940830257367,-0.00543777516920585
0.01207869679661533,0.06677940830257367,-0.00543777516920585
0.01207869679661533,0.06677940830257367,-0.00543777516920585
-0.028674596129741325,-0.15778254296677408,-0.006482362728377211
-0.028674596129741325,-0.15778254296677408,-0.006482362728377211
-0.028674596129741325,-0.15778254296677408,-0.006482362728377211
-0.028674596129741325,-0.15778254296677408,-0.006482362728377211
-0.028674596129741325,-0.15778254296677408,-0.006482362728377211
0.07768926583543023,0.14110622285141927,-0.007598853370488712
0.07768926583543023,0.14110622285141927,-0.007598853370488712
0.07768926583543023,0.14110622285141927,-0.007598853370488712
0.07768926583543023,0.14110622285141927,-0.007598853370488712
0.07768926583543023,0.14110622285141927,-0.007598853370488712
0.03115487555852492,-0.48428769705478825,-0.03186373318953528
0.03115487555852492,-0.48428769705478825,-0.03186373318953528
0.03115487555852492,-0.48428769705478825,-0.03186373318953528
0.03115487555852492,-0.48428769705478825,-0.03186373318953528
0.03115487555852492,-0.48428769705478825,-0.03186373318953528
0.024367063982974058,0.06738284404980988,0.044199991789820814
0.024367063982974058,0.06738284404980988,0.044199991789820814
0.024367063982974058,0.06738284404980988,0.044199991789820814
0.024367063982974058,0.06738284404980988,0.044199991789820814
0.024367063982974058,0.06738284404980988,0.044199991789820814
-0.019286486374914258,0.1836121290555799,0.003206990466811277
-0.019286486374914258,0.1836121290555799,0.003206990466811277
-0.019286486374914258,0.1836121290555799,0.003206990466811277
-0.019286486374914258,0.1836121290555799,0.003206990466811277
-0.019286486374914258,0.1836121290555799,0.003206990466811277
0.04005788039530889,0.04636463849873662,0.1063127663020964
0.04005788039530889,0.04636463849873662,0.1063127663020964
0.04005788039530889,0.04636463849873662,0.1063127663020964
0.04005788039530889,0.04636463849873662,0.1063127663020964
0.04005788039530889,0.04636463849873662,0.1063127663020964
0.03343658708934594,0.17893302911553666,-0.041022632628902045
0.03343658708934594,0.17893302911553666,-0.041022632628902045
0.03343658708934594,0.17893302911553666,-0.041022632628902045
0.03343658708934594,0.17893302911553666,-0.041022632628902045
0.03343658708934594,0.17893302911553666,-0.041022632628902045
0.0075190757268113195,-0.18998483928753473,0.06539167377289345
0.0075190757268113195,-0.18998483928753473,0.06539167377289345
0.0075190757268113195,-0.18998483928753473,0.06539167377289345
0.0075190757268113195,-0.18998483928753473,0.06539167377289345
0.0075190757268113195,-0.18998483928753473,0.06539167377289345
-0.04275922302995849,0.268338813985159,0.010272637566703935
-0.04275922302995849,0.268338813985159,0.010272637566703935
-0.04275922302995849,0.268338813985159,0.010272637566703935
-0.04275922302995849,0.268338813985159,0.010272637566703935
-0.04275922302995849,0.268338813985159,0.010272637566703935
-0.057118711674989386,-0.48729015669930664,0.030288487098697914
-0.057118711674989386,-0.48729015669930664,0.030288487098697914
-0.057118711674989386,-0.48729015669930664,0.030288487098697914
-0.057118711674989386,-0.48729015669930664,0.030288487098697914
-0.057118711674989386,-0.48729015669930664,0.030288487098697914
-0.07028156280725506,-0.109243745204052,0.11956128660946419
-0.07028156280725506,-0.109243745204052,0.11956128660946419
-0.07028156280725506,-0.109243745204052,0.11956128660946419
-0.07028156280725506,-0.109243745204052,0.11956128660946419
-0.07028156280725506,-0.109243745204052,0.11956128660946419
-0.12363165564176026,0.33042940445769364,0.06265197015803636
-0.12363165564176026,0.33042940445769364,0.06265197015803636
-0.12363165564176026,0.33042940445769364,0.06265197015803636
-0.12363165564176026,0.33042940445769364,0.06265197015803636
-0.12363165564176026,0.33042940445769364,0.06265197015803636
-0.05806570030698477,0.31280187102181833,-0.015780933519021545
-0.05806570030698477,0.31280187102181833,-0.015780933519021545
-0.05806570030698477,0.31280187102181833,-0.015780933519021545
-0.05806570030698477,0.31280187102181833,-0.015780933519021545
-0.05806570030698477,0.31280187102181833,-0.015780933519021545
0.0537775353369383,-0.43436157796742947,-0.0532482265273444
0.0537775353369383,-0.43436157796742947,-0.0532482265273444
0.0537775353369383,-0.43436157796742947,-0.0532482265273444
0.0537775353369383,-0.43436157796742947,-0.0532482265273444
0.0537775353369383,-0.43436157796742947,-0.0532482265273444
0.0786285199549247,0.40279575373586174,0.002391913443911875
0.0786285199549247,0.40279575373586174,0.002391913443911875
0.0786285199549247,0.40279575373586174,0.002391913443911875
0.0786285199549247,0.40279575373586174,0.002391913443911875
0.0786285199549247,0.40279575373586174,0.002391913443911875
0.004797774951131317,0.14685410279395095,0.0385113129967074
0.004797774951131317,0.14685410279395095,0.0385113129967074
0.004797774951131317,0.14685410279395095,0.0385113129967074
0.004797774951131317,0.14685410279395095,0.0385113129967074
0.004797774951131317,0.14685410279395095,0.0385113129967074
-0.0089153516836592,-0.19882438541518388,0.06852674813337956
-0.0089153516836592,-0.19882438541518388,0.06852674813337956
-0.0089153516836592,-0.19882438541518388,0.06852674813337956
-0.0089153516836592,-0.19882438541518388,0.06852674813337956
-0.0089153516836592,-0.19882438541518388,0.06852674813337956
-0.03541185002565439,-0.2154701676594788,-0.06208786251003673
-0.03541185002565439,-0.2154701676594788,-0.06208786251003673
-0.03541185002565439,-0.2154701676594788,-0.06208786251003673
-0.03541185002565439,-0.2154701676594788,-0.06208786251003673
-0.03541185002565439,-0.2154701676594788,-0.06208786251003673
0.01573921683949775,0.413393997285461,0.08716125602853353
0.01573921683949775,0.413393997285461,0.08716125602853353
0.01573921683949775,0.413393997285461,0.08716125602853353
0.01573921683949775,0.413393997285461,0.08716125602853353
0.01573921683949775,0.413393997285461,0.08716125602853353
-0.03907610933940864,-0.2608511757584657,0.09648105867131562
-0.03907610933940864,-0.2608511757584657,0.09648105867131562
-0.03907610933940864,-0.2608511757584657,0.09648105867131562
-0.03907610933940864,-0.2608511757584657,0.09648105867131562
-0.03907610933940864,-0.2608511757584657,0.09648105867131562
-0.09803039111493739,0.02532237836077411,0.00933739416373669
-0.09803039111493739,0.02532237836077411,0.00933739416373669
-0.09803039111493739,0.02532237836077411,0.00933739416373669
-0.09803039111493739,0.02532237836077411,0.00933739416373669
-0.09803039111493739,0.02532237836077411,0.00933739416373669
0.10298176259271441,-0.20506033344513974,0.09638767361923328
0.10298176259271441,-0.20506033344513974,0.09638767361923328
0.10298176259271441,-0.20506033344513974,0.09638767361923328
0.10298176259271441,-0.20506033344513974,0.09638767361923328
0.10298176259271441,-0.20506033344513974,0.09638767361923328
-0.002585163608672336,0.42780061484182497,-0.02443844399132189
-0.002585163608672336,0.42780061484182497,-0.02443844399132189
-0.002585163608672336,0.42780061484182497,-0.02443844399132189
-0.002585163608672336,0.42780061484182497,-0.02443844399132189
-0.002585163608672336,0.42780061484182497,-0.02443844399132189
-0.07940202928987206,-0.2861402457967741,-0.008969469821668241
-0.07940202928987206,-0.2861402457967741,-0.008969469821668241
-0.07940202928987206,-0.2861402457967741,-0.008969469821668241
-0.07940202928987206,-0.2861402457967741,-0.008969469821668241
-0.07940202928987206,-0.2861402457967741,-0.008969469821668241
-0.024943126065307908,0.3174532919634647,-0.04334709178452911
-0.024943126065307908,0.3174532919634647,-0.04334709178452911
-0.024943126065307908,0.3174532919634647,-0.04334709178452911
-0.024943126065307908,0.3174532919634647,-0.04334709178452911
-0.024943126065307908,0.3174532919634647,-0.04334709178452911
0.034935560794922216,0.12026366289724266,0.061918522714780266
0.034935560794922216,0.12026366289724266,0.061918522714780266
0.034935560794922216,0.12026366289724266,0.061918522714780266
0.034935560794922216,0.12026366289724266,0.061918522714780266
0.034935560794922216,0.12026366289724266,0.061918522714780266
-0.010963553798879477,0.00017691847266165794,-0.08385275971819439
-0.010963553798879477,0.00017691847266165794,-0.08385275971819439
-0.010963553798879477,0.00017691847266165794,-0.08385275971819439
-0.010963553798879477,0.00017691847266165794,-0.08385275971819439
-0.010963553798879477,0.00017691847266165794,-0.08385275971819439
0.025582749296919616,0.008244090179801988,0.02699946326007563
0.025582749296919616,0.008244090179801988,0.02699946326007563
0.025582749296919616,0.008244090179801988,0.02699946326007563
0.025582749296919616,0.008244090179801988,0.02699946326007563
0.025582749296919616,0.008244090179801988,0.02699946326007563
0.010586028334432784,-0.04191717181960808,-0.00964956447104015
0.010586028334432784,-0.04191717181960808,-0.00964956447104015
0.010586028334432784,-0.04191717181960808,-0.00964956447104015
0.010586028334432784,-0.04191717181960808,-0.00964956447104015
0.010586028334432784,-0.04191717181960808,-0.00964956447104015
-0.01312503316171365,-0.02404107933422006,-2.6324077531114654e-05
-0.01312503316171365,-0.02404107933422006,-2.6324077531114654e-05
-0.01312503316171365,-0.02404107933422006,-2.6324077531114654e-05
-0.01312503316171365,-0.02404107933422006,-2.6324077531114654e-05
-0.01312503316171365,-0.02404107933422006,-2.6324077531114654e-05
-0.08488833243995586,-0.07117182091620045,-0.022012326318552766
-0.08488833243995586,-0.07117182091620045,-0.022012326318552766
-0.08488833243995586,-0.07117182091620045,-0.022012326318552766
-0.08488833243995586,-0.07117182091620045,-0.022012326318552766
-0.08488833243995586,-0.07117182091620045,-0.022012326318552766
0.061362446656211045,0.19286165021163315,-0.07398910136998893
0.061362446656211045,0.19286165021163315,-0.07398910136998893
0.061362446656211045,0.19286165021163315,-0.07398910136998893
0.061362446656211045,0.19286165021163315,-0.07398910136998893
0.061362446656211045,0.19286165021163315,-0.07398910136998893
-0.017669047656881487,-0.21119269890275838,-0.02178561441360216
-0.017669047656881487,-0.21119269890275838,-0.02178561441360216
-0.017669047656881487,-0.21119269890275838,-0.02178561441360216
-0.017669047656881487,-0.21119269890275838,-0.02178561441360216
-0.017669047656881487,-0.21119269890275838,-0.02178561441360216
0.03884662887459733,0.5606358516269345,0.01934096149883402
0.03884662887459733,0.5606358516269345,0.01934096149883402
0.03884662887459733,0.5606358516269345,0.01934096149883402
0.03884662887459733,0.5606358516269345,0.01934096149883402
0.03884662887459733,0.5606358516269345,0.01934096149883402
0.056979439732971704,-0.5316155306988106,0.09509708492133839
0.056979439732971704,-0.5316155306988106,0.09509708492133839
0.056979439732971704,-0.5316155306988106,0.09509708492133839
0.056979439732971704,-0.5316155306988106,0.09509708492133839
0.056979439732971704,-0.5316155306988106,0.09509708492133839
-0.01718093975569257,0.2451681912617203,0.03873085337002635
-0.01718093975569257,0.2451681912617203,0.03873085337002635
-0.01718093975569257,0.2451681912617203,0.03873085337002635
-0.01718093975569257,0.2451681912617203,0.03873085337002635
-0.01718093975569257,0.2451681912617203,0.03873085337002635
0.056619871029697566,0.09498409286045906,0.05123690274184867
0.056619871029697566,0.09498409286045906,0.05123690274184867
0.056619871029697566,0.09498409286045906,0.05123690274184867
0.056619871029697566,0.09498409286045906,0.05123690274184867
0.056619871029697566,0.09498409286045906,0.05123690274184867
-0.07592028011959018,-0.0705672622594864,0.007715084159329422
-0.07592028011959018,-0.0705672622594864,0.007715084159329422
-0.07592028011959018,-0.0705672622594864,0.007715084159329422
-0.07592028011959018,-0.0705672622594864,0.007715084159329422
-0.07592028011959018,-0.0705672622594864,0.007715084159329422
-0.12065481509305087,-0.04373481423827652,0.00283760827508317
-0.12065481509305087,-0.04373481423827652,0.00283760827508317
-0.12065481509305087,-0.04373481423827652,0.00283760827508317
-0.12065481509305087,-0.04373481423827652,0.00283760827508317
-0.12065481509305087,-0.04373481423827652,0.00283760827508317
-0.013565742147215176,-0.09486576615366138,-0.061692316652894874
-0.013565742147215176,-0.09486576615366138,-0.061692316652894874
-0.013565742147215176,-0.09486576615366138,-0.061692316652894874
-0.013565742147215176,-0.09486576615366138,-0.061692316652894874
-0.013565742147215176,-0.09486576615366138,-0.061692316652894874
-0.03946651006399593,0.23869789209561465,0.03788540841451038
-0.03946651006399593,0.23869789209561465,0.03788540841451038
-0.03946651006399593,0.23869789209561465,0.03788540841451038
-0.03946651006399593,0.23869789209561465,0.03788540841451038
-0.03946651006399593,0.23869789209561465,0.03788540841451038
-0.03786130392314491,0.1751585942050704,-0.022381882166552458
-0.03786130392314491,0.1751585942050704,-0.022381882166552458
-0.03786130392314491,0.1751585942050704,-0.022381882166552458
-0.03786130392314491,0.1751585942050704,-0.022381882166552458
-0.03786130392314491,0.1751585942050704,-0.022381882166552458
-0.00780281071892408,-0.13297141916285637,-0.13071046237328687
-0.00780281071892408,-0.13297141916285637,-0.13071046237328687
-0.00780281071892408,-0.13297141916285637,-0.13071046237328687
-0.00780281071892408,-0.13297141916285637,-0.13071046237328687
-0.00780281071892408,-0.13297141916285637,-0.13071046237328687
0.003899693672872351,-0.003205701568212982,-0.03957490711431788
0.003899693672872351,-0.003205701568212982,-0.03957490711431788
0.003899693672872351,-0.003205701568212982,-0.03957490711431788
0.003899693672872351,-0.003205701568212982,-0.03957490711431788
0.003899693672872351,-0.003205701568212982,-0.03957490711431788
0.022549153720253345,0.07671735392288492,-0.017589172500240835
0.022549153720253345,0.07671735392288492,-0.017589172500240835
0.022549153720253345,0.07671735392288492,-0.017589172500240835
0.022549153720253345,0.07671735392288492,-0.017589172500240835
0.022549153720253345,0.07671735392288492,-0.017589172500240835
-0.05676784143417979,0.4395274908562967,0.02531488436263274
-0.05676784143417979,0.4395274908562967,0.02531488436263274
-0.05676784143417979,0.4395274908562967,0.02531488436263274
-0.05676784143417979,0.4395274908562967,0.02531488436263274
-0.05676784143417979,0.4395274908562967,0.02531488436263274
0.009329187764415825,-0.27548810606961815,0.009494595665156425
0.009329187764415825,-0.27548810606961815,0.009494595665156425
0.009329187764415825,-0.27548810606961815,0.009494595665156425
0.009329187764415825,-0.27548810606961815,0.009494595665156425
0.009329187764415825,-0.27548810606961815,0.009494595665156425
-0.021653295725482025,-0.18396133769369305,-0.023352662769013932
-0.021653295725482025,-0.18396133769369305,-0.023352662769013932
-0.021653295725482025,-0.18396133769369305,-0.023352662769013932
-0.021653295725482025,-0.18396133769369305,-0.023352662769013932
-0.021653295725482025,-0.18396133769369305,-0.023352662769013932
0.016514121597003717,0.4983424759338746,0.06129236667355187
0.016514121597003717,0.4983424759338746,0.06129236667355187
0.016514121597003717,0.4983424759338746,0.06129236667355187
0.016514121597003717,0.4983424759338746,0.06129236667355187
0.016514121597003717,0.4983424759338746,0.06129236667355187
0.03331235189807913,0.1297007657217406,0.04100176285015067
0.03331235189807913,0.1297007657217406,0.04100176285015067
0.03331235189807913,0.1297007657217406,0.04100176285015067
0.03331235189807913,0.1297007657217406,0.04100176285015067
0.03331235189807913,0.1297007657217406,0.04100176285015067
0.055265918640916234,-0.16946739734990923,0.027097112637441967
0.055265918640916234,-0.16946739734990923,0.027097112637441967
0.055265918640916234,-0.16946739734990923,0.027097112637441967
0.055265918640916234,-0.16946739734990923,0.027097112637441967
0.055265918640916234,-0.16946739734990923,0.027097112637441967
0.11767176710926719,0.16989377271225736,0.060142077505791036
0.11767176710926719,0.16989377271225736,0.060142077505791036
0.11767176710926719,0.16989377271225736,0.060142077505791036
0.11767176710926719,0.16989377271225736,0.060142077505791036
0.11767176710926719,0.16989377271225736,0.060142077505791036
0.0826696749363347,-0.46411953780141335,-0.029621246589012884
0.0826696749363347,-0.46411953780141335,-0.029621246589012884
0.0826696749363347,-0.46411953780141335,-0.029621246589012884
0.0826696749363347,-0.46411953780141335,-0.029621246589012884
0.0826696749363347,-0.46411953780141335,-0.029621246589012884
0.0510360641400468,0.11029051747517316,0.04134835006215809
0.0510360641400468,0.11029051747517316,0.04134835006215809
0.0510360641400468,0.11029051747517316,0.04134835006215809
0.0510360641400468,0.11029051747517316,0.04134835006215809
0.0510360641400468,0.11029051747517316,0.04134835006215809
0.1513975002406931,0.11708543016376916,0.07424372114326871
0.1513975002406931,0.11708543016376916,0.07424372114326871
0.1513975002406931,0.11708543016376916,0.07424372114326871
0.1513975002406931,0.11708543016376916,0.07424372114326871
0.1513975002406931,0.11708543016376916,0.07424372114326871
0.0665557597441091,-0.3303508230134653,0.07885417155483054
0.0665557597441091,-0.3303508230134653,0.07885417155483054
0.0665557597441091,-0.3303508230134653,0.07885417155483054
0.0665557597441091,-0.3303508230134653,0.07885417155483054
0.0665557597441091,-0.3303508230134653,0.07885417155483054
0.007389133738033515,0.29334789827963204,-0.11095924665637114
0.007389133738033515,0.29334789827963204,-0.11095924665637114
0.007389133738033515,0.29334789827963204,-0.11095924665637114
0.007389133738033515,0.29334789827963204,-0.11095924665637114
0.007389133738033515,0.29334789827963204,-0.11095924665637114
0.0889790375351871,0.09533212492782073,-0.02822223703550719
0.0889790375351871,0.09533212492782073,-0.02822223703550719
0.0889790375351871,0.09533212492782073,-0.02822223703550719
0.0889790375351871,0.09533212492782073,-0.02822223703550719
0.0889790375351871,0.09533212492782073,-0.02822223703550719
0.03144769375164391,-0.05527736128413396,-0.011151759820290152
0.03144769375164391,-0.05527736128413396,-0.011151759820290152
0.03144769375164391,-0.05527736128413396,-0.011151759820290152
0.03144769375164391,-0.05527736128413396,-0.011151759820290152
0.03144769375164391,-0.05527736128413396,-0.011151759820290152
-0.06137227456699379,0.541314189387645,0.015431159126844562
-0.06137227456699379,0.541314189387645,0.015431159126844562
-0.06137227456699379,0.541314189387645,0.015431159126844562
-0.06137227456699379,0.541314189387645,0.015431159126844562
-0.06137227456699379,0.541314189387645,0.015431159126844562
-0.005022164561424014,-0.22232994539073436,0.00834931667809613
-0.005022164561424014,-0.22232994539073436,0.00834931667809613
-0.005022164561424014,-0.22232994539073436,0.00834931667809613
-0.005022164561424014,-0.22232994539073436,0.00834931667809613
-0.005022164561424014,-0.22232994539073436,0.00834931667809613
0.06554711825559412,-0.22633881274968481,0.0703587420153724
0.06554711825559412,-0.22633881274968481,0.0703587420153724
0.06554711825559412,-0.22633881274968481,0.0703587420153724
0.06554711825559412,-0.22633881274968481,0.0703587420153724
0.06554711825559412,-0.22633881274968481,0.0703587420153724
-0.010022687055773138,0.1066907982100096,0.02665089689458
-0.010022687055773138,0.1066907982100096,0.02665089689458
-0.010022687055773138,0.1066907982100096,0.02665089689458
-0.010022687055773138,0.1066907982100096,0.02665089689458
-0.010022687055773138,0.1066907982100096,0.02665089689458
-0.08458900463569974,0.47970914772927675,0.010705488307362288
-0.08458900463569974,0.47970914772927675,0.010705488307362288
-0.08458900463569974,0.47970914772927675,0.010705488307362288
-0.08458900463569974,0.47970914772927675,0.010705488307362288
-0.08458900463569974,0.47970914772927675,0.010705488307362288
0.036442780181860535,-0.9395745812343119,-0.052631668178364066
0.036442780181860535,-0.9395745812343119,-0.052631668178364066
0.036442780181860535,-0.9395745812343119,-0.052631668178364066
0.036442780181860535,-0.9395745812343119,-0.052631668178364066
0.036442780181860535,-0.9395745812343119,-0.052631668178364066
-0.08839942825563119,0.9266368920406804,0.12738925945284407
-0.08839942825563119,0.9266368920406804,0.12738925945284407
-0.08839942825563119,0.9266368920406804,0.12738925945284407
-0.08839942825563119,0.9266368920406804,0.12738925945284407
-0.08839942825563119,0.9266368920406804,0.12738925945284407
-0.03695631781529063,0.12260912420979331,0.010991230307343614
-0.03695631781529063,0.12260912420979331,0.010991230307343614
-0.03695631781529063,0.12260912420979331,0.010991230307343614
-0.03695631781529063,0.12260912420979331,0.010991230307343614
-0.03695631781529063,0.12260912420979331,0.010991230307343614
-0.06657816743211387,-0.506817032075533,-0.01192462204133804
-0.06657816743211387,-0.506817032075533,-0.01192462204133804
-0.06657816743211387,-0.506817032075533,-0.01192462204133804
-0.06657816743211387,-0.506817032075533,-0.01192462204133804
-0.06657816743211387,-0.506817032075533,-0.01192462204133804
0.11016597955055085,0.40934935647826665,0.006915622260400767
0.11016597955055085,0.40934935647826665,0.006915622260400767
0.11016597955055085,0.40934935647826665,0.006915622260400767
0.11016597955055085,0.40934935647826665,0.006915622260400767
0.11016597955055085,0.40934935647826665,0.006915622260400767
0.026887480821406018,-0.2858901453677949,0.010964988469734038
0.026887480821406018,-0.2858901453677949,0.010964988469734038
0.026887480821406018,-0.2858901453677949,0.010964988469734038
0.026887480821406018,-0.2858901453677949,0.010964988469734038
0.026887480821406018,-0.2858901453677949,0.010964988469734038
-0.028476036173128327,0.177002347363296,0.022384319176914858
-0.028476036173128327,0.177002347363296,0.022384319176914858
-0.028476036173128327,0.177002347363296,0.022384319176914858
-0.028476036173128327,0.177002347363296,0.022384319176914858
-0.028476036173128327,0.177002347363296,0.022384319176914858
0.033916097150960334,0.14869636760448168,0.02054062634590892
0.033916097150960334,0.14869636760448168,0.02054062634590892
0.033916097150960334,0.14869636760448168,0.02054062634590892
0.033916097150960334,0.14869636760448168,0.02054062634590892
0.033916097150960334,0.14869636760448168,0.02054062634590892
-0.00728570611335011,-0.5894324496472625,0.050265162550502396
-0.00728570611335011,-0.5894324496472625,0.050265162550502396
-0.00728570611335011,-0.5894324496472625,0.050265162550502396
-0.00728570611335011,-0.5894324496472625,0.050265162550502396
-0.00728570611335011,-0.5894324496472625,0.050265162550502396
-0.040300969695997724,0.5334792643015545,0.06603558853235825
-0.040300969695997724,0.5334792643015545,0.06603558853235825
-0.040300969695997724,0.5334792643015545,0.06603558853235825
-0.040300969695997724,0.5334792643015545,0.06603558853235825
-0.040300969695997724,0.5334792643015545,0.06603558853235825
-0.07633057471831928,-0.46930095041545616,0.10962735494531373
-0.07633057471831928,-0.46930095041545616,0.10962735494531373
-0.07633057471831928,-0.46930095041545616,0.10962735494531373
-0.07633057471831928,-0.46930095041545616,0.10962735494531373
-0.07633057471831928,-0.46930095041545616,0.10962735494531373
-0.09302394656598612,-0.07945189078335924,0.03578577173909636
-0.09302394656598612,-0.07945189078335924,0.03578577173909636
-0.09302394656598612,-0.07945189078335924,0.03578577173909636
-0.09302394656598612,-0.07945189078335924,0.03578577173909636
-0.09302394656598612,-0.07945189078335924,0.03578577173909636
-0.09104476292076713,0.41823386607387425,0.07108912687842306
-0.09104476292076713,0.41823386607387425,0.07108912687842306
-0.09104476292076713,0.41823386607387425,0.07108912687842306
-0.09104476292076713,0.41823386607387425,0.07108912687842306
-0.09104476292076713,0.41823386607387425,0.07108912687842306
0.02973773390047496,-0.5402570286336865,0.006454940745374671
0.02973773390047496,-0.5402570286336865,0.006454940745374671
0.02973773390047496,-0.5402570286336865,0.006454940745374671
0.02973773390047496,-0.5402570286336865,0.006454940745374671
0.02973773390047496,-0.5402570286336865,0.006454940745374671
0.10777859116422539,0.5426277759851315,-0.001227860112699375
0.10777859116422539,0.5426277759851315,-0.001227860112699375
0.10777859116422539,0.5426277759851315,-0.001227860112699375
0.10777859116422539,0.5426277759851315,-0.001227860112699375
0.10777859116422539,0.5426277759851315,-0.001227860112699375
0.10908946915745144,-0.5067471195355706,0.037121456890105264
0.10908946915745144,-0.5067471195355706,0.037121456890105264
0.10908946915745144,-0.5067471195355706,0.037121456890105264
0.10908946915745144,-0.5067471195355706,0.037121456890105264
0.10908946915745144,-0.5067471195355706,0.037121456890105264
-0.013767548023667198,0.2586171911674937,-0.08614067188288388
-0.013767548023667198,0.2586171911674937,-0.08614067188288388
-0.013767548023667198,0.2586171911674937,-0.08614067188288388
-0.013767548023667198,0.2586171911674937,-0.08614067188288388
-0.013767548023667198,0.2586171911674937,-0.08614067188288388
-0.015033229278355598,-0.33486244323815106,0.07092017746891699
-0.015033229278355598,-0.33486244323815106,0.07092017746891699
-0.015033229278355598,-0.33486244323815106,0.07092017746891699
-0.015033229278355598,-0.33486244323815106,0.07092017746891699
-0.015033229278355598,-0.33486244323815106,0.07092017746891699
-0.038160470712574446,0.2601614794562661,0.11189608856830091
-0.038160470712574446,0.2601614794562661,0.11189608856830091
-0.038160470712574446,0.2601614794562661,0.11189608856830091
-0.038160470712574446,0.2601614794562661,0.11189608856830091
-0.038160470712574446,0.2601614794562661,0.11189608856830091
-0.02849358103577182,-0.19881933815558495,0.023824745443846496
-0.02849358103577182,-0.19881933815558495,0.023824745443846496
-0.02849358103577182,-0.19881933815558495,0.023824745443846496
-0.02849358103577182,-0.19881933815558495,0.023824745443846496
-0.02849358103577182,-0.19881933815558495,0.023824745443846496
0.012596717910939526,0.19966235637071628,-0.05567515503351572
0.012596717910939526,0.19966235637071628,-0.05567515503351572
0.012596717910939526,0.19966235637071628,-0.05567515503351572
0.012596717910939526,0.19966235637071628,-0.05567515503351572
0.012596717910939526,0.19966235637071628,-0.05567515503351572
-6.72645576561548e-05,0.09928194718538896,-0.11622063199767396
-6.72645576561548e-05,0.09928194718538896,-0.11622063199767396
-6.72645576561548e-05,0.09928194718538896,-0.11622063199767396
-6.72645576561548e-05,0.09928194718538896,-0.11622063199767396
-6.72645576561548e-05,0.09928194718538896,-0.11622063199767396
0.07215257804867603,0.05365493589206993,-0.03249480066726562
0.07215257804867603,0.05365493589206993,-0.03249480066726562
0.07215257804867603,0.05365493589206993,-0.03249480066726562
0.07215257804867603,0.05365493589206993,-0.03249480066726562
0.07215257804867603,0.05365493589206993,-0.03249480066726562
0.03658908203961364,-0.34198288667265486,0.059344914668745474
0.03658908203961364,-0.34198288667265486,0.059344914668745474
0.03658908203961364,-0.34198288667265486,0.059344914668745474
0.03658908203961364,-0.34198288667265486,0.059344914668745474
0.03658908203961364,-0.34198288667265486,0.059344914668745474
-0.055824495538968844,0.3182804585745831,-0.002695029994775666
-0.055824495538968844,0.3182804585745831,-0.002695029994775666
-0.055824495538968844,0.3182804585745831,-0.002695029994775666
-0.055824495538968844,0.3182804585745831,-0.002695029994775666
-0.055824495538968844,0.3182804585745831,-0.002695029994775666
0.005344249975835602,-0.16984413293564637,-0.017529701921542795
0.005344249975835602,-0.16984413293564637,-0.017529701921542795
0.005344249975835602,-0.16984413293564637,-0.017529701921542795
0.005344249975835602,-0.16984413293564637,-0.017529701921542795
0.005344249975835602,-0.16984413293564637,-0.017529701921542795
-0.13409281418872687,0.0932911901311777,-0.04084504853777915
-0.13409281418872687,0.0932911901311777,-0.04084504853777915
-0.13409281418872687,0.0932911901311777,-0.04084504853777915
-0.13409281418872687,0.0932911901311777,-0.04084504853777915
-0.13409281418872687,0.0932911901311777,-0.04084504853777915
-0.10961803328958108,0.22683853181095892,0.017835577798816615
-0.10961803328958108,0.22683853181095892,0.017835577798816615
-0.10961803328958108,0.22683853181095892,0.017835577798816615
-0.10961803328958108,0.22683853181095892,0.017835577798816615
-0.10961803328958108,0.22683853181095892,0.017835577798816615
0.003629911017086429,-0.06298490839488347,0.03767177977450942
0.003629911017086429,-0.06298490839488347,0.03767177977450942
0.003629911017086429,-0.06298490839488347,0.03767177977450942
0.003629911017086429,-0.06298490839488347,0.03767177977450942
0.003629911017086429,-0.06298490839488347,0.03767177977450942
0.07019314097315577,0.02805961424835024,0.019831940288213445
0.07019314097315577,0.02805961424835024,0.019831940288213445
0.07019314097315577,0.02805961424835024,0.019831940288213445
0.07019314097315577,0.02805961424835024,0.019831940288213445
0.07019314097315577,0.02805961424835024,0.019831940288213445
-0.0007904943115560892,-0.06094825808507642,-0.11580456049466292
-0.0007904943115560892,-0.06094825808507642,-0.11580456049466292
-0.0007904943115560892,-0.06094825808507642,-0.11580456049466292
-0.0007904943115560892,-0.06094825808507642,-0.11580456049466292
-0.0007904943115560892,-0.06094825808507642,-0.11580456049466292
0.06521574288455534,0.03674836271233706,0.03665569826457116
0.06521574288455534,0.03674836271233706,0.03665569826457116
0.06521574288455534,0.03674836271233706,0.03665569826457116
0.06521574288455534,0.03674836271233706,0.03665569826457116
0.06521574288455534,0.03674836271233706,0.03665569826457116
0.05258837678478334,-0.39856726211963744,0.05340911370198498
0.05258837678478334,-0.39856726211963744,0.05340911370198498
0.05258837678478334,-0.39856726211963744,0.05340911370198498
0.05258837678478334,-0.39856726211963744,0.05340911370198498
0.05258837678478334,-0.39856726211963744,0.05340911370198498
-0.016734828734038643,-0.21290590449883395,0.03649481299937918
-0.016734828734038643,-0.21290590449883395,0.03649481299937918
-0.016734828734038643,-0.21290590449883395,0.03649481299937918
-0.016734828734038643,-0.21290590449883395,0.03649481299937918
-0.016734828734038643,-0.21290590449883395,0.03649481299937918
-0.020493642597397166,0.190706255334824,0.08836562153978988
-0.020493642597397166,0.190706255334824,0.08836562153978988
-0.020493642597397166,0.190706255334824,0.08836562153978988
-0.020493642597397166,0.190706255334824,0.08836562153978988
-0.020493642597397166,0.190706255334824,0.08836562153978988
