c0.a,c1.a,i0.a
0.0,3.5,0.0
0.0,3.5,0.0
0.0,3.5,0.0
0.0,3.5,0.0
0.0,3.5,0.0
-0.11109499562805425,3.5,0.02900076198424628
-0.11109499562805425,3.5,0.02900076198424628
-0.11109499562805425,3.5,0.02900076198424628
-0.11109499562805425,3.5,0.02900076198424628
-0.11109499562805425,3.5,0.02900076198424628
0.08781756256045803,3.5,0.22059482114639906
0.08781756256045803,3.5,0.22059482114639906
0.08781756256045803,3.5,0.22059482114639906
0.08781756256045803,3.5,0.22059482114639906
0.08781756256045803,3.5,0.22059482114639906
-0.018491474948664433,-6.56,0.0973678132331166
-0.018491474948664433,-6.56,0.0973678132331166
-0.018491474948664433,-6.56,0.0973678132331166
-0.018491474948664433,-6.56,0.0973678132331166
-0.018491474948664433,-6.56,0.0973678132331166
-0.23483169393159375,-6.56,-0.04728248890389075
-0.23483169393159375,-6.56,-0.04728248890389075
-0.23483169393159375,-6.56,-0.04728248890389075
-0.23483169393159375,-6.56,-0.04728248890389075
-0.23483169393159375,-6.56,-0.04728248890389075
-0.14372117608607038,-6.56,-6.376365152735636
-0.14372117608607038,-6.56,-6.376365152735636
-0.14372117608607038,-6.56,-6.376365152735636
-0.14372117608607038,-6.56,-6.376365152735636
-0.14372117608607038,-6.56,-6.376365152735636
0.06611159524807686,-1.1872213217479946,-0.14658102687935148
0.06611159524807686,-1.1872213217479946,-0.14658102687935148
0.06611159524807686,-1.1872213217479946,-0.14658102687935148
0.06611159524807686,-1.1872213217479946,-0.14658102687935148
0.06611159524807686,-1.1872213217479946,-0.14658102687935148
-0.18440364843969004,-1.8804114701411336,0.010571073110179796
-0.18440364843969004,-1.8804114701411336,0.010571073110179796
-0.18440364843969004,-1.8804114701411336,0.010571073110179796
-0.18440364843969004,-1.8804114701411336,0.010571073110179796
-0.18440364843969004,-1.8804114701411336,0.010571073110179796
-0.07990519690400788,-0.3721941399915494,0.04547948279335934
-0.07990519690400788,-0.3721941399915494,0.04547948279335934
-0.07990519690400788,-0.3721941399915494,0.04547948279335934
-0.07990519690400788,-0.3721941399915494,0.04547948279335934
-0.07990519690400788,-0.3721941399915494,0.04547948279335934
0.038587682166712156,-0.4482408638904083,0.13694903184134954
0.038587682166712156,-0.4482408638904083,0.13694903184134954
0.038587682166712156,-0.4482408638904083,0.13694903184134954
0.038587682166712156,-0.4482408638904083,0.13694903184134954
0.038587682166712156,-0.4482408638904083,0.13694903184134954
-0.007682385519117041,-2.7308437596574002,0.004811172226935945
-0.007682385519117041,-2.7308437596574002,0.004811172226935945
-0.007682385519117041,-2.7308437596574002,0.004811172226935945
-0.007682385519117041,-2.7308437596574002,0.004811172226935945
-0.007682385519117041,-2.7308437596574002,0.004811172226935945
-0.08344027093496553,3.5,-0.1155329167699426
-0.08344027093496553,3.5,-0.1155329167699426
-0.08344027093496553,3.5,-0.1155329167699426
-0.08344027093496553,3.5,-0.1155329167699426
-0.08344027093496553,3.5,-0.1155329167699426
0.12901335628469468,-2.939617787644959,-0.05179327476131501
0.12901335628469468,-2.939617787644959,-0.05179327476131501
0.12901335628469468,-2.939617787644959,-0.05179327476131501
0.12901335628469468,-2.939617787644959,-0.05179327476131501
0.12901335628469468,-2.939617787644959,-0.05179327476131501
-0.051168771102595656,1.4822578652534464,-0.11124597872596276
-0.051168771102595656,1.4822578652534464,-0.11124597872596276
-0.051168771102595656,1.4822578652534464,-0.11124597872596276
-0.051168771102595656,1.4822578652534464,-0.11124597872596276
-0.051168771102595656,1.4822578652534464,-0.11124597872596276
0.023773159578060366,-0.20625314331805455,-0.058494869907270264
0.023773159578060366,-0.20625314331805455,-0.058494869907270264
0.023773159578060366,-0.20625314331805455,-0.058494869907270264
0.023773159578060366,-0.20625314331805455,-0.058494869907270264
0.023773159578060366,-0.20625314331805455,-0.058494869907270264
-0.04693086059060381,-0.43598145681628253,-0.10260760456873363
-0.04693086059060381,-0.43598145681628253,-0.10260760456873363
-0.04693086059060381,-0.43598145681628253,-0.10260760456873363
-0.04693086059060381,-0.43598145681628253,-0.10260760456873363
-0.04693086059060381,-0.43598145681628253,-0.10260760456873363
-0.0607416731769046,0.06632014233232653,-0.7131339813416018
-0.0607416731769046,0.06632014233232653,-0.7131339813416018
-0.0607416731769046,0.06632014233232653,-0.7131339813416018
-0.0607416731769046,0.06632014233232653,-0.7131339813416018
-0.0607416731769046,0.06632014233232653,-0.7131339813416018
0.07117404155740203,1.733840340063086,-0.06113800196295305
0.07117404155740203,1.733840340063086,-0.06113800196295305
0.07117404155740203,1.733840340063086,-0.06113800196295305
0.07117404155740203,1.733840340063086,-0.06113800196295305
0.07117404155740203,1.733840340063086,-0.06113800196295305
0.1702185042110136,-2.457348663132752,-0.13527277534633786
0.1702185042110136,-2.457348663132752,-0.13527277534633786
0.1702185042110136,-2.457348663132752,-0.13527277534633786
0.1702185042110136,-2.457348663132752,-0.13527277534633786
0.1702185042110136,-2.457348663132752,-0.13527277534633786
0.04196304167631748,1.0322777154587577,0.10713787268933483
0.04196304167631748,1.0322777154587577,0.10713787268933483
0.04196304167631748,1.0322777154587577,0.10713787268933483
0.04196304167631748,1.0322777154587577,0.10713787268933483
0.04196304167631748,1.0322777154587577,0.10713787268933483
0.024606966294762778,-0.5357493804069193,0.13315536045923615
0.024606966294762778,-0.5357493804069193,0.13315536045923615
0.024606966294762778,-0.5357493804069193,0.13315536045923615
0.024606966294762778,-0.5357493804069193,0.13315536045923615
0.024606966294762778,-0.5357493804069193,0.13315536045923615
-0.05375022027643617,1.0998685812555742,-0.23489640531199996
-0.05375022027643617,1.0998685812555742,-0.23489640531199996
-0.05375022027643617,1.0998685812555742,-0.23489640531199996
-0.05375022027643617,1.0998685812555742,-0.23489640531199996
-0.05375022027643617,1.0998685812555742,-0.23489640531199996
-0.035904999268042026,-0.569259021346852,3.5
-0.035904999268042026,-0.569259021346852,3.5
-0.035904999268042026,-0.569259021346852,3.5
-0.035904999268042026,-0.569259021346852,3.5
-0.035904999268042026,-0.569259021346852,3.5
0.13783491297056294,0.7127384690009215,3.5
0.13783491297056294,0.7127384690009215,3.5
0.13783491297056294,0.7127384690009215,3.5
0.13783491297056294,0.7127384690009215,3.5
0.13783491297056294,0.7127384690009215,3.5
0.037780169150322784,-2.634817468462913,3.5
0.037780169150322784,-2.634817468462913,3.5
0.037780169150322784,-2.634817468462913,3.5
0.037780169150322784,-2.634817468462913,3.5
0.037780169150322784,-2.634817468462913,3.5
-0.15193258175772772,1.9309960718404842,3.5
-0.15193258175772772,1.9309960718404842,3.5
-0.15193258175772772,1.9309960718404842,3.5
-0.15193258175772772,1.9309960718404842,3.5
-0.15193258175772772,1.9309960718404842,3.5
0.007167826327669324,-0.219354383904939,3.5
0.007167826327669324,-0.219354383904939,3.5
0.007167826327669324,-0.219354383904939,3.5
0.007167826327669324,-0.219354383904939,3.5
0.007167826327669324,-0.219354383904939,3.5
0.12508560111515532,0.22169100212678927,3.5
0.12508560111515532,0.22169100212678927,3.5
0.12508560111515532,0.22169100212678927,3.5
0.12508560111515532,0.22169100212678927,3.5
0.12508560111515532,0.22169100212678927,3.5
-0.0019051063462889317,-1.8635745984726952,3.5
-0.0019051063462889317,-1.8635745984726952,3.5
-0.0019051063462889317,-1.8635745984726952,3.5
-0.0019051063462889317,-1.8635745984726952,3.5
-0.0019051063462889317,-1.8635745984726952,3.5
0.14095785118318993,2.484882526248745,3.5
0.14095785118318993,2.484882526248745,3.5
0.14095785118318993,2.484882526248745,3.5
0.14095785118318993,2.484882526248745,3.5
0.14095785118318993,2.484882526248745,3.5
-0.06415728565907663,-2.4512467170013785,3.5
-0.06415728565907663,-2.4512467170013785,3.5
-0.06415728565907663,-2.4512467170013785,3.5
-0.06415728565907663,-2.4512467170013785,3.5
-0.06415728565907663,-2.4512467170013785,3.5
-0.08435569251552977,1.283880461932469,3.5
-0.08435569251552977,1.283880461932469,3.5
-0.08435569251552977,1.283880461932469,3.5
-0.08435569251552977,1.283880461932469,3.5
-0.08435569251552977,1.283880461932469,3.5
-0.10004687910772425,-1.3179305842889057,1.7535867809768888
-0.10004687910772425,-1.3179305842889057,1.7535867809768888
-0.10004687910772425,-1.3179305842889057,1.7535867809768888
-0.10004687910772425,-1.3179305842889057,1.7535867809768888
-0.10004687910772425,-1.3179305842889057,1.7535867809768888
-0.15358991310196046,0.7269999782509284,0.18454607044254345
-0.15358991310196046,0.7269999782509284,0.18454607044254345
-0.15358991310196046,0.7269999782509284,0.18454607044254345
-0.15358991310196046,0.7269999782509284,0.18454607044254345
-0.15358991310196046,0.7269999782509284,0.18454607044254345
-0.13966726502157378,-0.6994624828568909,0.21490803371965228
-0.13966726502157378,-0.6994624828568909,0.21490803371965228
-0.13966726502157378,-0.6994624828568909,0.21490803371965228
-0.13966726502157378,-0.6994624828568909,0.21490803371965228
-0.13966726502157378,-0.6994624828568909,0.21490803371965228
-0.045222492728933084,2.6955328017855553,0.1896699348668811
-0.045222492728933084,2.6955328017855553,0.1896699348668811
-0.045222492728933084,2.6955328017855553,0.1896699348668811
-0.045222492728933084,2.6955328017855553,0.1896699348668811
-0.045222492728933084,2.6955328017855553,0.1896699348668811
-0.0616467917398138,-2.1833710909114004,-0.023914410845584655
-0.0616467917398138,-2.1833710909114004,-0.023914410845584655
-0.0616467917398138,-2.1833710909114004,-0.023914410845584655
-0.0616467917398138,-2.1833710909114004,-0.023914410845584655
-0.0616467917398138,-2.1833710909114004,-0.023914410845584655
-0.08616868182968496,2.292680843318207,0.004730596240953844
-0.08616868182968496,2.292680843318207,0.004730596240953844
-0.08616868182968496,2.292680843318207,0.004730596240953844
-0.08616868182968496,2.292680843318207,0.004730596240953844
-0.08616868182968496,2.292680843318207,0.004730596240953844
-0.033812983829190735,-2.3496060155408607,0.020999750979555643
-0.033812983829190735,-2.3496060155408607,0.020999750979555643
-0.033812983829190735,-2.3496060155408607,0.020999750979555643
-0.033812983829190735,-2.3496060155408607,0.020999750979555643
-0.033812983829190735,-2.3496060155408607,0.020999750979555643
-0.003606834368868661,1.4945240043484223,-0.0023632744793005145
-0.003606834368868661,1.4945240043484223,-0.0023632744793005145
-0.003606834368868661,1.4945240043484223,-0.0023632744793005145
-0.003606834368868661,1.4945240043484223,-0.0023632744793005145
-0.003606834368868661,1.4945240043484223,-0.0023632744793005145
-0.16816863454563347,-0.7687833504577277,-0.08602816598313723
-0.16816863454563347,-0.7687833504577277,-0.08602816598313723
-0.16816863454563347,-0.7687833504577277,-0.08602816598313723
-0.16816863454563347,-0.7687833504577277,-0.08602816598313723
-0.16816863454563347,-0.7687833504577277,-0.08602816598313723
-0.10597052827244813,-0.6870086535671547,-0.09785719820315819
-0.10597052827244813,-0.6870086535671547,-0.09785719820315819
-0.10597052827244813,-0.6870086535671547,-0.09785719820315819
-0.10597052827244813,-0.6870086535671547,-0.09785719820315819
-0.10597052827244813,-0.6870086535671547,-0.09785719820315819
0.014771599409296954,0.3462333042700596,0.08055210538371682
0.014771599409296954,0.3462333042700596,0.08055210538371682
0.014771599409296954,0.3462333042700596,0.08055210538371682
0.014771599409296954,0.3462333042700596,0.08055210538371682
0.014771599409296954,0.3462333042700596,0.08055210538371682
0.17611764661296014,1.0618568070392715,0.005205883961053814
0.17611764661296014,1.0618568070392715,0.005205883961053814
0.17611764661296014,1.0618568070392715,0.005205883961053814
0.17611764661296014,1.0618568070392715,0.005205883961053814
0.17611764661296014,1.0618568070392715,0.005205883961053814
-0.03884844002314214,-0.7920033730132126,-6.56
-0.03884844002314214,-0.7920033730132126,-6.56
-0.03884844002314214,-0.7920033730132126,-6.56
-0.03884844002314214,-0.7920033730132126,-6.56
-0.03884844002314214,-0.7920033730132126,-6.56
0.06710710784303853,0.176351002866177,-6.56
0.06710710784303853,0.176351002866177,-6.56
0.06710710784303853,0.176351002866177,-6.56
0.06710710784303853,0.176351002866177,-6.56
0.06710710784303853,0.176351002866177,-6.56
0.02349720998472371,-0.24220204220186048,-6.56
0.02349720998472371,-0.24220204220186048,-6.56
0.02349720998472371,-0.24220204220186048,-6.56
0.02349720998472371,-0.24220204220186048,-6.56
0.02349720998472371,-0.24220204220186048,-6.56
-0.029731070813319604,-1.364491423972984,-6.56
-0.029731070813319604,-1.364491423972984,-6.56
-0.029731070813319604,-1.364491423972984,-6.56
-0.029731070813319604,-1.364491423972984,-6.56
-0.029731070813319604,-1.364491423972984,-6.56
0.18918059128812104,2.5135224642521994,-4.517275920019671
0.18918059128812104,2.5135224642521994,-4.517275920019671
0.18918059128812104,2.5135224642521994,-4.517275920019671
0.18918059128812104,2.5135224642521994,-4.517275920019671
0.18918059128812104,2.5135224642521994,-4.517275920019671
0.05185259908807005,-2.5028164512965674,-1.4536157692086888
0.05185259908807005,-2.5028164512965674,-1.4536157692086888
0.05185259908807005,-2.5028164512965674,-1.4536157692086888
0.05185259908807005,-2.5028164512965674,-1.4536157692086888
0.05185259908807005,-2.5028164512965674,-1.4536157692086888
0.006810492477770325,3.5,3.5
0.006810492477770325,3.5,3.5
0.006810492477770325,3.5,3.5
0.006810492477770325,3.5,3.5
0.006810492477770325,3.5,3.5
0.039393216448998736,-1.653656364492182,3.5
0.039393216448998736,-1.653656364492182,3.5
0.039393216448998736,-1.653656364492182,3.5
0.039393216448998736,-1.653656364492182,3.5
0.039393216448998736,-1.653656364492182,3.5
-0.1112083351237354,0.7044819597545633,3.5
-0.1112083351237354,0.7044819597545633,3.5
-0.1112083351237354,0.7044819597545633,3.5
-0.1112083351237354,0.7044819597545633,3.5
-0.1112083351237354,0.7044819597545633,3.5
-0.14909123256063594,-1.154987024350067,3.5
-0.14909123256063594,-1.154987024350067,3.5
-0.14909123256063594,-1.154987024350067,3.5
-0.14909123256063594,-1.154987024350067,3.5
-0.14909123256063594,-1.154987024350067,3.5
0.04084850455920375,2.253300740470584,3.5
0.04084850455920375,2.253300740470584,3.5
0.04084850455920375,2.253300740470584,3.5
0.04084850455920375,2.253300740470584,3.5
0.04084850455920375,2.253300740470584,3.5
-0.05176931871345847,-4.072916752542044,3.5
-0.05176931871345847,-4.072916752542044,3.5
-0.05176931871345847,-4.072916752542044,3.5
-0.05176931871345847,-4.072916752542044,3.5
-0.05176931871345847,-4.072916752542044,3.5
-0.07045810182142453,3.188955839134767,3.5
-0.07045810182142453,3.188955839134767,3.5
-0.07045810182142453,3.188955839134767,3.5
-0.07045810182142453,3.188955839134767,3.5
-0.07045810182142453,3.188955839134767,3.5
-0.11363576452513957,-0.5340176580781772,3.5
-0.11363576452513957,-0.5340176580781772,3.5
-0.11363576452513957,-0.5340176580781772,3.5
-0.11363576452513957,-0.5340176580781772,3.5
-0.11363576452513957,-0.5340176580781772,3.5
-0.06311973496808321,0.2343040365073641,3.5
-0.06311973496808321,0.2343040365073641,3.5
-0.06311973496808321,0.2343040365073641,3.5
-0.06311973496808321,0.2343040365073641,3.5
-0.06311973496808321,0.2343040365073641,3.5
0.01803323029154935,-0.6055382303060703,2.8609063806148782
0.01803323029154935,-0.6055382303060703,2.8609063806148782
0.01803323029154935,-0.6055382303060703,2.8609063806148782
0.01803323029154935,-0.6055382303060703,2.8609063806148782
0.01803323029154935,-0.6055382303060703,2.8609063806148782
0.015801290938469492,-0.11212881667158925,0.566381337613393
0.015801290938469492,-0.11212881667158925,0.566381337613393
0.015801290938469492,-0.11212881667158925,0.566381337613393
0.015801290938469492,-0.11212881667158925,0.566381337613393
0.015801290938469492,-0.11212881667158925,0.566381337613393
-0.04220375525056319,1.1182510210955954,0.13599214951768346
-0.04220375525056319,1.1182510210955954,0.13599214951768346
-0.04220375525056319,1.1182510210955954,0.13599214951768346
-0.04220375525056319,1.1182510210955954,0.13599214951768346
-0.04220375525056319,1.1182510210955954,0.13599214951768346
-0.15972290591847926,-0.3635002239286571,0.14026366145427716
-0.15972290591847926,-0.3635002239286571,0.14026366145427716
-0.15972290591847926,-0.3635002239286571,0.14026366145427716
-0.15972290591847926,-0.3635002239286571,0.14026366145427716
-0.15972290591847926,-0.3635002239286571,0.14026366145427716
-0.16683305121526892,0.19921827851168317,0.10916525705206226
-0.16683305121526892,0.19921827851168317,0.10916525705206226
-0.16683305121526892,0.19921827851168317,0.10916525705206226
-0.16683305121526892,0.19921827851168317,0.10916525705206226
-0.16683305121526892,0.19921827851168317,0.10916525705206226
0.020171328758775253,-1.0462331127339581,-6.56
0.020171328758775253,-1.0462331127339581,-6.56
0.020171328758775253,-1.0462331127339581,-6.56
0.020171328758775253,-1.0462331127339581,-6.56
0.020171328758775253,-1.0462331127339581,-6.56
0.1815922019171774,1.307538671757726,-6.56
0.1815922019171774,1.307538671757726,-6.56
0.1815922019171774,1.307538671757726,-6.56
0.1815922019171774,1.307538671757726,-6.56
0.1815922019171774,1.307538671757726,-6.56
0.14136022879073273,-1.662117554431397,-6.56
0.14136022879073273,-1.662117554431397,-6.56
0.14136022879073273,-1.662117554431397,-6.56
0.14136022879073273,-1.662117554431397,-6.56
0.14136022879073273,-1.662117554431397,-6.56
0.0028700124408631567,2.132433403182441,-6.56
0.0028700124408631567,2.132433403182441,-6.56
0.0028700124408631567,2.132433403182441,-6.56
0.0028700124408631567,2.132433403182441,-6.56
0.0028700124408631567,2.132433403182441,-6.56
0.08373117456165424,-2.1628042962262413,-6.56
0.08373117456165424,-2.1628042962262413,-6.56
0.08373117456165424,-2.1628042962262413,-6.56
0.08373117456165424,-2.1628042962262413,-6.56
0.08373117456165424,-2.1628042962262413,-6.56
0.013591219536047028,2.7218885184229222,-1.4477644050417098
0.013591219536047028,2.7218885184229222,-1.4477644050417098
0.013591219536047028,2.7218885184229222,-1.4477644050417098
0.013591219536047028,2.7218885184229222,-1.4477644050417098
0.013591219536047028,2.7218885184229222,-1.4477644050417098
0.13318334635047702,-2.954387729184095,-0.4437074237419232
0.13318334635047702,-2.954387729184095,-0.4437074237419232
0.13318334635047702,-2.954387729184095,-0.4437074237419232
0.13318334635047702,-2.954387729184095,-0.4437074237419232
0.13318334635047702,-2.954387729184095,-0.4437074237419232
0.01656294542294301,1.6337422586681196,-0.21547448818362192
0.01656294542294301,1.6337422586681196,-0.21547448818362192
0.01656294542294301,1.6337422586681196,-0.21547448818362192
0.01656294542294301,1.6337422586681196,-0.21547448818362192
0.01656294542294301,1.6337422586681196,-0.21547448818362192
0.08069510609025254,-0.7121325417466728,-0.12139155222623366
0.08069510609025254,-0.7121325417466728,-0.12139155222623366
0.08069510609025254,-0.7121325417466728,-0.12139155222623366
0.08069510609025254,-0.7121325417466728,-0.12139155222623366
0.08069510609025254,-0.7121325417466728,-0.12139155222623366
0.0238092963315788,-0.35810101848427145,-0.098793675645938
0.0238092963315788,-0.35810101848427145,-0.098793675645938
0.0238092963315788,-0.35810101848427145,-0.098793675645938
0.0238092963315788,-0.35810101848427145,-0.098793675645938
0.0238092963315788,-0.35810101848427145,-0.098793675645938
-0.09429711557480402,1.5096262508393767,0.040175049444188815
-0.09429711557480402,1.5096262508393767,0.040175049444188815
-0.09429711557480402,1.5096262508393767,0.040175049444188815
-0.09429711557480402,1.5096262508393767,0.040175049444188815
-0.09429711557480402,1.5096262508393767,0.040175049444188815
-0.041657748034465314,-1.0669936275366325,-0.0533398196266468
-0.041657748034465314,-1.0669936275366325,-0.0533398196266468
-0.041657748034465314,-1.0669936275366325,-0.0533398196266468
-0.041657748034465314,-1.0669936275366325,-0.0533398196266468
-0.041657748034465314,-1.0669936275366325,-0.0533398196266468
-0.10713081640439626,0.1515221199804202,-0.05511001584542363
-0.10713081640439626,0.1515221199804202,-0.05511001584542363
-0.10713081640439626,0.1515221199804202,-0.05511001584542363
-0.10713081640439626,0.1515221199804202,-0.05511001584542363
-0.10713081640439626,0.1515221199804202,-0.05511001584542363
0.003534871372687931,0.6442456444926083,0.00729939310433636
0.003534871372687931,0.6442456444926083,0.00729939310433636
0.003534871372687931,0.6442456444926083,0.00729939310433636
0.003534871372687931,0.6442456444926083,0.00729939310433636
0.003534871372687931,0.6442456444926083,0.00729939310433636
0.009725455769332925,-0.04322954586823968,0.04703352658133042
0.009725455769332925,-0.04322954586823968,0.04703352658133042
0.009725455769332925,-0.04322954586823968,0.04703352658133042
0.009725455769332925,-0.04322954586823968,0.04703352658133042
0.009725455769332925,-0.04322954586823968,0.04703352658133042
-0.11011453752507983,1.814653959128563,-0.053240117007087306
-0.11011453752507983,1.814653959128563,-0.053240117007087306
-0.11011453752507983,1.814653959128563,-0.053240117007087306
-0.11011453752507983,1.814653959128563,-0.053240117007087306
-0.11011453752507983,1.814653959128563,-0.053240117007087306
-0.01461189866212198,-2.501448587537375,0.09984495543976024
-0.01461189866212198,-2.501448587537375,0.09984495543976024
-0.01461189866212198,-2.501448587537375,0.09984495543976024
-0.01461189866212198,-2.501448587537375,0.09984495543976024
-0.01461189866212198,-2.501448587537375,0.09984495543976024
0.002327156404027697,1.62452511471737,0.023050258654143008
0.002327156404027697,1.62452511471737,0.023050258654143008
0.002327156404027697,1.62452511471737,0.023050258654143008
0.002327156404027697,1.62452511471737,0.023050258654143008
0.002327156404027697,1.62452511471737,0.023050258654143008
0.017513534632756844,1.6740731410867546,0.032503717782446984
0.017513534632756844,1.6740731410867546,0.032503717782446984
0.017513534632756844,1.6740731410867546,0.032503717782446984
0.017513534632756844,1.6740731410867546,0.032503717782446984
0.017513534632756844,1.6740731410867546,0.032503717782446984
0.051461871369608225,-1.6907015697725924,0.0455605533328729
0.051461871369608225,-1.6907015697725924,0.0455605533328729
0.051461871369608225,-1.6907015697725924,0.0455605533328729
0.051461871369608225,-1.6907015697725924,0.0455605533328729
0.051461871369608225,-1.6907015697725924,0.0455605533328729
0.20985880554126002,1.68103063005338,0.03930111625354904
0.20985880554126002,1.68103063005338,0.03930111625354904
0.20985880554126002,1.68103063005338,0.03930111625354904
0.20985880554126002,1.68103063005338,0.03930111625354904
0.20985880554126002,1.68103063005338,0.03930111625354904
-0.08539703862614179,-1.321314679949701,-0.1646745366133775
-0.08539703862614179,-1.321314679949701,-0.1646745366133775
-0.08539703862614179,-1.321314679949701,-0.1646745366133775
-0.08539703862614179,-1.321314679949701,-0.1646745366133775
-0.08539703862614179,-1.321314679949701,-0.1646745366133775
0.051807466308408934,0.15539837982783666,-0.20284999859925357
0.051807466308408934,0.15539837982783666,-0.20284999859925357
0.051807466308408934,0.15539837982783666,-0.20284999859925357
0.051807466308408934,0.15539837982783666,-0.20284999859925357
0.051807466308408934,0.15539837982783666,-0.20284999859925357
-0.03093332362377854,-0.3677123165645302,-0.07574668800400097
-0.03093332362377854,-0.3677123165645302,-0.07574668800400097
-0.03093332362377854,-0.3677123165645302,-0.07574668800400097
-0.03093332362377854,-0.3677123165645302,-0.07574668800400097
-0.03093332362377854,-0.3677123165645302,-0.07574668800400097
-0.14793353713233603,1.123687116072972,-0.11162532211890586
-0.14793353713233603,1.123687116072972,-0.11162532211890586
-0.14793353713233603,1.123687116072972,-0.11162532211890586
-0.14793353713233603,1.123687116072972,-0.11162532211890586
-0.14793353713233603,1.123687116072972,-0.11162532211890586
0.03696361717442276,-0.974413061384368,0.023258426156264278
0.03696361717442276,-0.974413061384368,0.023258426156264278
0.03696361717442276,-0.974413061384368,0.023258426156264278
0.03696361717442276,-0.974413061384368,0.023258426156264278
0.03696361717442276,-0.974413061384368,0.023258426156264278
-0.03034552422716441,1.51169386934402,0.011081021945095415
-0.03034552422716441,1.51169386934402,0.011081021945095415
-0.03034552422716441,1.51169386934402,0.011081021945095415
-0.03034552422716441,1.51169386934402,0.011081021945095415
-0.03034552422716441,1.51169386934402,0.011081021945095415
-0.12429737915558547,-1.2276452660383903,0.145674770123426
-0.12429737915558547,-1.2276452660383903,0.145674770123426
-0.12429737915558547,-1.2276452660383903,0.145674770123426
-0.12429737915558547,-1.2276452660383903,0.145674770123426
-0.12429737915558547,-1.2276452660383903,0.145674770123426
-0.027700239177686825,-0.3189044125500242,-0.10619908243213771
-0.027700239177686825,-0.3189044125500242,-0.10619908243213771
-0.027700239177686825,-0.3189044125500242,-0.10619908243213771
-0.027700239177686825,-0.3189044125500242,-0.10619908243213771
-0.027700239177686825,-0.3189044125500242,-0.10619908243213771
0.13137265632030282,0.6475847627723663,0.16226870238076074
0.13137265632030282,0.6475847627723663,0.16226870238076074
0.13137265632030282,0.6475847627723663,0.16226870238076074
0.13137265632030282,0.6475847627723663,0.16226870238076074
0.13137265632030282,0.6475847627723663,0.16226870238076074
-0.08386916483153328,1.577689707434704,0.14463812080513527
-0.08386916483153328,1.577689707434704,0.14463812080513527
-0.08386916483153328,1.577689707434704,0.14463812080513527
-0.08386916483153328,1.577689707434704,0.14463812080513527
-0.08386916483153328,1.577689707434704,0.14463812080513527
-0.1636470807710264,-2.479368829431028,-0.0342953086220561
-0.1636470807710264,-2.479368829431028,-0.0342953086220561
-0.1636470807710264,-2.479368829431028,-0.0342953086220561
-0.1636470807710264,-2.479368829431028,-0.0342953086220561
-0.1636470807710264,-2.479368829431028,-0.0342953086220561
0.062018727588858624,0.3243696034288437,-0.06150824986388059
0.062018727588858624,0.3243696034288437,-0.06150824986388059
0.062018727588858624,0.3243696034288437,-0.06150824986388059
0.062018727588858624,0.3243696034288437,-0.06150824986388059
0.062018727588858624,0.3243696034288437,-0.06150824986388059
-0.05435290610587451,1.1962220021062624,0.1043497169387333
-0.05435290610587451,1.1962220021062624,0.1043497169387333
-0.05435290610587451,1.1962220021062624,0.1043497169387333
-0.05435290610587451,1.1962220021062624,0.1043497169387333
-0.05435290610587451,1.1962220021062624,0.1043497169387333
-0.06651276077141066,-1.123946520853373,0.2124316306138354
-0.06651276077141066,-1.123946520853373,0.2124316306138354
-0.06651276077141066,-1.123946520853373,0.2124316306138354
-0.06651276077141066,-1.123946520853373,0.2124316306138354
-0.06651276077141066,-1.123946520853373,0.2124316306138354
-0.25209778044565834,-0.5505933249338035,0.20657483938292387
-0.25209778044565834,-0.5505933249338035,0.20657483938292387
-0.25209778044565834,-0.5505933249338035,0.20657483938292387
-0.25209778044565834,-0.5505933249338035,0.20657483938292387
-0.25209778044565834,-0.5505933249338035,0.20657483938292387
-0.3441266300182706,3.1993315003486984,0.06590411628300252
-0.3441266300182706,3.1993315003486984,0.06590411628300252
-0.3441266300182706,3.1993315003486984,0.06590411628300252
-0.3441266300182706,3.1993315003486984,0.06590411628300252
-0.3441266300182706,3.1993315003486984,0.06590411628300252
-0.028517449723771016,-4.498592621750639,0.019375931349715714
-0.028517449723771016,-4.498592621750639,0.019375931349715714
-0.028517449723771016,-4.498592621750639,0.019375931349715714
-0.028517449723771016,-4.498592621750639,0.019375931349715714
-0.028517449723771016,-4.498592621750639,0.019375931349715714
-0.07076599849701903,2.99618350518333,0.02733730218675845
-0.07076599849701903,2.99618350518333,0.02733730218675845
-0.07076599849701903,2.99618350518333,0.02733730218675845
-0.07076599849701903,2.99618350518333,0.02733730218675845
-0.07076599849701903,2.99618350518333,0.02733730218675845
0.03586700712559576,-2.3618048938206293,-0.10731561741192586
0.03586700712559576,-2.3618048938206293,-0.10731561741192586
0.03586700712559576,-2.3618048938206293,-0.10731561741192586
0.03586700712559576,-2.3618048938206293,-0.10731561741192586
0.03586700712559576,-2.3618048938206293,-0.10731561741192586
-0.10393886566117949,3.5,0.05624872676916404
-0.10393886566117949,3.5,0.05624872676916404
-0.10393886566117949,3.5,0.05624872676916404
-0.10393886566117949,3.5,0.05624872676916404
-0.10393886566117949,3.5,0.05624872676916404
-0.054948499285448094,-2.525504632268831,-0.06748556678313378
-0.054948499285448094,-2.525504632268831,-0.06748556678313378
-0.054948499285448094,-2.525504632268831,-0.06748556678313378
-0.054948499285448094,-2.525504632268831,-0.06748556678313378
-0.054948499285448094,-2.525504632268831,-0.06748556678313378
0.08888967712090778,1.1835775033652833,-0.036021734059456634
0.08888967712090778,1.1835775033652833,-0.036021734059456634
0.08888967712090778,1.1835775033652833,-0.036021734059456634
0.08888967712090778,1.1835775033652833,-0.036021734059456634
0.08888967712090778,1.1835775033652833,-0.036021734059456634
0.17697170731843936,-0.01154860857732487,0.09520852828024218
0.17697170731843936,-0.01154860857732487,0.09520852828024218
0.17697170731843936,-0.01154860857732487,0.09520852828024218
0.17697170731843936,-0.01154860857732487,0.09520852828024218
0.17697170731843936,-0.01154860857732487,0.09520852828024218
-0.06185007094476447,-0.5304478536311414,0.012431393549668712
-0.06185007094476447,-0.5304478536311414,0.012431393549668712
-0.06185007094476447,-0.5304478536311414,0.012431393549668712
-0.06185007094476447,-0.5304478536311414,0.012431393549668712
-0.06185007094476447,-0.5304478536311414,0.012431393549668712
-0.030447955393420045,1.326533844422615,-0.01856383694676289
-0.030447955393420045,1.326533844422615,-0.01856383694676289
-0.030447955393420045,1.326533844422615,-0.01856383694676289
-0.030447955393420045,1.326533844422615,-0.01856383694676289
-0.030447955393420045,1.326533844422615,-0.01856383694676289
0.03830359380512327,0.8746075252701253,-0.04323673412361373
0.03830359380512327,0.8746075252701253,-0.04323673412361373
0.03830359380512327,0.8746075252701253,-0.04323673412361373
0.03830359380512327,0.8746075252701253,-0.04323673412361373
0.03830359380512327,0.8746075252701253,-0.04323673412361373
-0.0455187708960203,-2.398087010309265,-0.04849811782608704
-0.0455187708960203,-2.398087010309265,-0.04849811782608704
-0.0455187708960203,-2.398087010309265,-0.04849811782608704
-0.0455187708960203,-2.398087010309265,-0.04849811782608704
-0.0455187708960203,-2.398087010309265,-0.04849811782608704
-0.16256065631971683,3.5,-0.02107916043020097
-0.16256065631971683,3.5,-0.02107916043020097
-0.16256065631971683,3.5,-0.02107916043020097
-0.16256065631971683,3.5,-0.02107916043020097
-0.16256065631971683,3.5,-0.02107916043020097
0.030833318080594196,-0.9227578504585416,0.000754992976528257
0.030833318080594196,-0.9227578504585416,0.000754992976528257
0.030833318080594196,-0.9227578504585416,0.000754992976528257
0.030833318080594196,-0.9227578504585416,0.000754992976528257
0.030833318080594196,-0.9227578504585416,0.000754992976528257
0.11867286651781139,-1.5052712249543028,0.03945557307098646
0.11867286651781139,-1.5052712249543028,0.03945557307098646
0.11867286651781139,-1.5052712249543028,0.03945557307098646
0.11867286651781139,-1.5052712249543028,0.03945557307098646
0.11867286651781139,-1.5052712249543028,0.03945557307098646
0.13633120033288915,3.1150649553997596,0.055346293482873676
0.13633120033288915,3.1150649553997596,0.055346293482873676
0.13633120033288915,3.1150649553997596,0.055346293482873676
0.13633120033288915,3.1150649553997596,0.055346293482873676
0.13633120033288915,3.1150649553997596,0.055346293482873676
-0.060214077398183186,-4.668991436565943,0.05105299690576892
-0.060214077398183186,-4.668991436565943,0.05105299690576892
-0.060214077398183186,-4.668991436565943,0.05105299690576892
-0.060214077398183186,-4.668991436565943,0.05105299690576892
-0.060214077398183186,-4.668991436565943,0.05105299690576892
-0.11189117975543184,2.894961027323534,0.08324791253306785
-0.11189117975543184,2.894961027323534,0.08324791253306785
-0.11189117975543184,2.894961027323534,0.08324791253306785
-0.11189117975543184,2.894961027323534,0.08324791253306785
-0.11189117975543184,2.894961027323534,0.08324791253306785
0.1562869990122273,-1.5417978894500521,-0.05477943992678114
0.1562869990122273,-1.5417978894500521,-0.05477943992678114
0.1562869990122273,-1.5417978894500521,-0.05477943992678114
0.1562869990122273,-1.5417978894500521,-0.05477943992678114
0.1562869990122273,-1.5417978894500521,-0.05477943992678114
0.13039262274599128,0.601186157822104,-0.04943959891826566
0.13039262274599128,0.601186157822104,-0.04943959891826566
0.13039262274599128,0.601186157822104,-0.04943959891826566
0.13039262274599128,0.601186157822104,-0.04943959891826566
0.13039262274599128,0.601186157822104,-0.04943959891826566
-0.16812032489071793,0.3502374040271299,0.1295538217417498
-0.16812032489071793,0.3502374040271299,0.1295538217417498
-0.16812032489071793,0.3502374040271299,0.1295538217417498
-0.16812032489071793,0.3502374040271299,0.1295538217417498
-0.16812032489071793,0.3502374040271299,0.1295538217417498
-0.10123560648905094,1.2456332549299205,0.15275088418394667
-0.10123560648905094,1.2456332549299205,0.15275088418394667
-0.10123560648905094,1.2456332549299205,0.15275088418394667
-0.10123560648905094,1.2456332549299205,0.15275088418394667
-0.10123560648905094,1.2456332549299205,0.15275088418394667
-0.02483423728969658,-1.6346239427545797,0.10411010492347295
-0.02483423728969658,-1.6346239427545797,0.10411010492347295
-0.02483423728969658,-1.6346239427545797,0.10411010492347295
-0.02483423728969658,-1.6346239427545797,0.10411010492347295
-0.02483423728969658,-1.6346239427545797,0.10411010492347295
-0.14790223373678568,-0.5517607394650454,0.1562828838011736
-0.14790223373678568,-0.5517607394650454,0.1562828838011736
-0.14790223373678568,-0.5517607394650454,0.1562828838011736
-0.14790223373678568,-0.5517607394650454,0.1562828838011736
-0.14790223373678568,-0.5517607394650454,0.1562828838011736
0.005404523900437219,0.5192580456511635,-0.013602903188917992
0.005404523900437219,0.5192580456511635,-0.013602903188917992
0.005404523900437219,0.5192580456511635,-0.013602903188917992
0.005404523900437219,0.5192580456511635,-0.013602903188917992
0.005404523900437219,0.5192580456511635,-0.013602903188917992
-0.15178770658260543,-0.6989480835441668,-0.0857160864184614
-0.15178770658260543,-0.6989480835441668,-0.0857160864184614
-0.15178770658260543,-0.6989480835441668,-0.0857160864184614
-0.15178770658260543,-0.6989480835441668,-0.0857160864184614
-0.15178770658260543,-0.6989480835441668,-0.0857160864184614
-0.12459428814620921,1.6257013454953828,-0.051773506150729176
-0.12459428814620921,1.6257013454953828,-0.051773506150729176
-0.12459428814620921,1.6257013454953828,-0.051773506150729176
-0.12459428814620921,1.6257013454953828,-0.051773506150729176
-0.12459428814620921,1.6257013454953828,-0.051773506150729176
-0.14813915385608833,-1.0700067683668841,-0.08313583817198733
-0.14813915385608833,-1.0700067683668841,-0.08313583817198733
-0.14813915385608833,-1.0700067683668841,-0.08313583817198733
-0.14813915385608833,-1.0700067683668841,-0.08313583817198733
-0.14813915385608833,-1.0700067683668841,-0.08313583817198733
0.03641902064311875,0.1825393687257204,0.06605278710715012
0.03641902064311875,0.1825393687257204,0.06605278710715012
0.03641902064311875,0.1825393687257204,0.06605278710715012
0.03641902064311875,0.1825393687257204,0.06605278710715012
0.03641902064311875,0.1825393687257204,0.06605278710715012
0.023496222497435326,0.15617370913334838,-0.00011448969505956086
0.023496222497435326,0.15617370913334838,-0.00011448969505956086
0.023496222497435326,0.15617370913334838,-0.00011448969505956086
0.023496222497435326,0.15617370913334838,-0.00011448969505956086
0.023496222497435326,0.15617370913334838,-0.00011448969505956086
0.04546344208147346,-0.005921444852315716,-0.04491160995211452
0.04546344208147346,-0.005921444852315716,-0.04491160995211452
0.04546344208147346,-0.005921444852315716,-0.04491160995211452
0.04546344208147346,-0.005921444852315716,-0.04491160995211452
0.04546344208147346,-0.005921444852315716,-0.04491160995211452
-0.11977465212910499,-0.8951869619948774,-0.08381561062687659
-0.11977465212910499,-0.8951869619948774,-0.08381561062687659
-0.11977465212910499,-0.8951869619948774,-0.08381561062687659
-0.11977465212910499,-0.8951869619948774,-0.08381561062687659
-0.11977465212910499,-0.8951869619948774,-0.08381561062687659
-0.1062344208998045,2.7771336024733912,-0.12674229397598324
-0.1062344208998045,2.7771336024733912,-0.12674229397598324
-0.1062344208998045,2.7771336024733912,-0.12674229397598324
-0.1062344208998045,2.7771336024733912,-0.12674229397598324
-0.1062344208998045,2.7771336024733912,-0.12674229397598324
-0.018363584882109762,-3.6343618894490604,-0.06191848862300375
-0.018363584882109762,-3.6343618894490604,-0.06191848862300375
-0.018363584882109762,-3.6343618894490604,-0.06191848862300375
-0.018363584882109762,-3.6343618894490604,-0.06191848862300375
-0.018363584882109762,-3.6343618894490604,-0.06191848862300375
-0.09123066562164528,3.42109336757448,0.0796917255336318
-0.09123066562164528,3.42109336757448,0.0796917255336318
-0.09123066562164528,3.42109336757448,0.0796917255336318
-0.09123066562164528,3.42109336757448,0.0796917255336318
-0.09123066562164528,3.42109336757448,0.0796917255336318
0.027673917455845576,-2.4369890551196995,0.08755707056482365
0.027673917455845576,-2.4369890551196995,0.08755707056482365
0.027673917455845576,-2.4369890551196995,0.08755707056482365
0.027673917455845576,-2.4369890551196995,0.08755707056482365
0.027673917455845576,-2.4369890551196995,0.08755707056482365
0.028772882109366904,2.665092114865997,0.019599717050860832
0.028772882109366904,2.665092114865997,0.019599717050860832
0.028772882109366904,2.665092114865997,0.019599717050860832
0.028772882109366904,2.665092114865997,0.019599717050860832
0.028772882109366904,2.665092114865997,0.019599717050860832
-0.05872051748656748,-1.9419217356106735,0.17004220579430118
-0.05872051748656748,-1.9419217356106735,0.17004220579430118
-0.05872051748656748,-1.9419217356106735,0.17004220579430118
-0.05872051748656748,-1.9419217356106735,0.17004220579430118
-0.05872051748656748,-1.9419217356106735,0.17004220579430118
0.042865387486158646,1.6618080217888114,0.07176036729725332
0.042865387486158646,1.6618080217888114,0.07176036729725332
0.042865387486158646,1.6618080217888114,0.07176036729725332
0.042865387486158646,1.6618080217888114,0.07176036729725332
0.042865387486158646,1.6618080217888114,0.07176036729725332
0.02712310621942926,-1.9825471411589284,-0.05895387820378062
0.02712310621942926,-1.9825471411589284,-0.05895387820378062
0.02712310621942926,-1.9825471411589284,-0.05895387820378062
0.02712310621942926,-1.9825471411589284,-0.05895387820378062
0.02712310621942926,-1.9825471411589284,-0.05895387820378062
0.06464455167329852,1.6340913352502735,0.04116882245243758
0.06464455167329852,1.6340913352502735,0.04116882245243758
0.06464455167329852,1.6340913352502735,0.04116882245243758
0.06464455167329852,1.6340913352502735,0.04116882245243758
0.06464455167329852,1.6340913352502735,0.04116882245243758
0.032024345019010525,0.3623804627303002,-0.0567045464580076
0.032024345019010525,0.3623804627303002,-0.0567045464580076
0.032024345019010525,0.3623804627303002,-0.0567045464580076
0.032024345019010525,0.3623804627303002,-0.0567045464580076
0.032024345019010525,0.3623804627303002,-0.0567045464580076
0.158186313993256,-0.09460918500079174,-0.14597907353256723
0.158186313993256,-0.09460918500079174,-0.14597907353256723
0.158186313993256,-0.09460918500079174,-0.14597907353256723
0.158186313993256,-0.09460918500079174,-0.14597907353256723
0.158186313993256,-0.09460918500079174,-0.14597907353256723
-0.05635967300131206,-1.5319455220718332,0.028920066419180657
-0.05635967300131206,-1.5319455220718332,0.028920066419180657
-0.05635967300131206,-1.5319455220718332,0.028920066419180657
-0.05635967300131206,-1.5319455220718332,0.028920066419180657
-0.05635967300131206,-1.5319455220718332,0.028920066419180657
0.11525746892570776,1.668415624339561,0.025726554936603918
0.11525746892570776,1.668415624339561,0.025726554936603918
0.11525746892570776,1.668415624339561,0.025726554936603918
0.11525746892570776,1.668415624339561,0.025726554936603918
0.11525746892570776,1.668415624339561,0.025726554936603918
-0.07533334266541836,0.6618509464473199,0.07663493930018461
-0.07533334266541836,0.6618509464473199,0.07663493930018461
-0.07533334266541836,0.6618509464473199,0.07663493930018461
-0.07533334266541836,0.6618509464473199,0.07663493930018461
-0.07533334266541836,0.6618509464473199,0.07663493930018461
-0.15157664638883706,-2.2375414655160384,0.16100152363528686
-0.15157664638883706,-2.2375414655160384,0.16100152363528686
-0.15157664638883706,-2.2375414655160384,0.16100152363528686
-0.15157664638883706,-2.2375414655160384,0.16100152363528686
-0.15157664638883706,-2.2375414655160384,0.16100152363528686
-0.018358092765462075,1.6761449040564305,-0.03449188407238957
-0.018358092765462075,1.6761449040564305,-0.03449188407238957
-0.018358092765462075,1.6761449040564305,-0.03449188407238957
-0.018358092765462075,1.6761449040564305,-0.03449188407238957
-0.018358092765462075,1.6761449040564305,-0.03449188407238957
0.07286523229446917,-1.611974249513434,-0.06877369908636588
0.07286523229446917,-1.611974249513434,-0.06877369908636588
0.07286523229446917,-1.611974249513434,-0.06877369908636588
0.07286523229446917,-1.611974249513434,-0.06877369908636588
0.07286523229446917,-1.611974249513434,-0.06877369908636588
0.010022364732531486,0.738641891280782,-0.05797878792639466
0.010022364732531486,0.738641891280782,-0.05797878792639466
0.010022364732531486,0.738641891280782,-0.05797878792639466
0.010022364732531486,0.738641891280782,-0.05797878792639466
0.010022364732531486,0.738641891280782,-0.05797878792639466
0.020302540936233626,-1.5229542310071977,0.015335380866135395
0.020302540936233626,-1.5229542310071977,0.015335380866135395
0.020302540936233626,-1.5229542310071977,0.015335380866135395
0.020302540936233626,-1.5229542310071977,0.015335380866135395
0.020302540936233626,-1.5229542310071977,0.015335380866135395
-0.05454234541698977,1.298056457815056,-0.06807136525873858
-0.05454234541698977,1.298056457815056,-0.06807136525873858
-0.05454234541698977,1.298056457815056,-0.06807136525873858
-0.05454234541698977,1.298056457815056,-0.06807136525873858
-0.05454234541698977,1.298056457815056,-0.06807136525873858
-0.07783799039764183,-1.6425886418880111,-0.053513439155358
-0.07783799039764183,-1.6425886418880111,-0.053513439155358
-0.07783799039764183,-1.6425886418880111,-0.053513439155358
-0.07783799039764183,-1.6425886418880111,-0.053513439155358
-0.07783799039764183,-1.6425886418880111,-0.053513439155358
-0.013276941313988821,1.878094836792343,0.000512486550128699
-0.013276941313988821,1.878094836792343,0.000512486550128699
-0.013276941313988821,1.878094836792343,0.000512486550128699
-0.013276941313988821,1.878094836792343,0.000512486550128699
-0.013276941313988821,1.878094836792343,0.000512486550128699
-0.019459527768784568,-1.8405007980248413,-0.044968686195501206
-0.019459527768784568,-1.8405007980248413,-0.044968686195501206
-0.019459527768784568,-1.8405007980248413,-0.044968686195501206
-0.019459527768784568,-1.8405007980248413,-0.044968686195501206
-0.019459527768784568,-1.8405007980248413,-0.044968686195501206
0.06714025229889042,1.5054052569856413,0.1028956525821485
0.06714025229889042,1.5054052569856413,0.1028956525821485
0.06714025229889042,1.5054052569856413,0.1028956525821485
0.06714025229889042,1.5054052569856413,0.1028956525821485
0.06714025229889042,1.5054052569856413,0.1028956525821485
-0.12742276609757752,-0.674674429737518,0.05283624570554757
-0.12742276609757752,-0.674674429737518,0.05283624570554757
-0.12742276609757752,-0.674674429737518,0.05283624570554757
-0.12742276609757752,-0.674674429737518,0.05283624570554757
-0.12742276609757752,-0.674674429737518,0.05283624570554757
0.16421424441231025,1.2234894950244044,0.13255258436394612
0.16421424441231025,1.2234894950244044,0.13255258436394612
0.16421424441231025,1.2234894950244044,0.13255258436394612
0.16421424441231025,1.2234894950244044,0.13255258436394612
0.16421424441231025,1.2234894950244044,0.13255258436394612
0.10399477402887758,-1.5190778588663854,0.20941814812026216
0.10399477402887758,-1.5190778588663854,0.20941814812026216
0.10399477402887758,-1.5190778588663854,0.20941814812026216
0.10399477402887758,-1.5190778588663854,0.20941814812026216
0.10399477402887758,-1.5190778588663854,0.20941814812026216
-0.05751086294142915,0.7883467564562334,0.10802147410081808
-0.05751086294142915,0.7883467564562334,0.10802147410081808
-0.05751086294142915,0.7883467564562334,0.10802147410081808
-0.05751086294142915,0.7883467564562334,0.10802147410081808
-0.05751086294142915,0.7883467564562334,0.10802147410081808
-0.005397655110122024,-0.08239909153151714,0.13093742436915434
-0.005397655110122024,-0.08239909153151714,0.13093742436915434
-0.005397655110122024,-0.08239909153151714,0.13093742436915434
-0.005397655110122024,-0.08239909153151714,0.13093742436915434
-0.005397655110122024,-0.08239909153151714,0.13093742436915434
-0.000961304810404684,-1.6103378222757883,0.05539178299203584
-0.000961304810404684,-1.6103378222757883,0.05539178299203584
-0.000961304810404684,-1.6103378222757883,0.05539178299203584
-0.000961304810404684,-1.6103378222757883,0.05539178299203584
-0.000961304810404684,-1.6103378222757883,0.05539178299203584
0.029720525063056336,2.928463446781654,0.1496107962276998
0.029720525063056336,2.928463446781654,0.1496107962276998
0.029720525063056336,2.928463446781654,0.1496107962276998
0.029720525063056336,2.928463446781654,0.1496107962276998
0.029720525063056336,2.928463446781654,0.1496107962276998
0.21049277755053808,-2.597343373475148,-0.000985956970737334
0.21049277755053808,-2.597343373475148,-0.000985956970737334
0.21049277755053808,-2.597343373475148,-0.000985956970737334
0.21049277755053808,-2.597343373475148,-0.000985956970737334
0.21049277755053808,-2.597343373475148,-0.000985956970737334
-0.0406488465358672,0.1811794708972485,0.08056412764226906
-0.0406488465358672,0.1811794708972485,0.08056412764226906
-0.0406488465358672,0.1811794708972485,0.08056412764226906
-0.0406488465358672,0.1811794708972485,0.08056412764226906
-0.0406488465358672,0.1811794708972485,0.08056412764226906
0.1390859852617954,0.47720527328357676,-0.06316360216492356
0.1390859852617954,0.47720527328357676,-0.06316360216492356
0.1390859852617954,0.47720527328357676,-0.06316360216492356
0.1390859852617954,0.47720527328357676,-0.06316360216492356
0.1390859852617954,0.47720527328357676,-0.06316360216492356
0.07180010652948354,0.9753272412567071,-0.1726774011968253
0.07180010652948354,0.9753272412567071,-0.1726774011968253
0.07180010652948354,0.9753272412567071,-0.1726774011968253
0.07180010652948354,0.9753272412567071,-0.1726774011968253
0.07180010652948354,0.9753272412567071,-0.1726774011968253
0.07820115621043033,-1.6943134616563782,0.010275888966598146
0.07820115621043033,-1.6943134616563782,0.010275888966598146
0.07820115621043033,-1.6943134616563782,0.010275888966598146
0.07820115621043033,-1.6943134616563782,0.010275888966598146
0.07820115621043033,-1.6943134616563782,0.010275888966598146
0.014496298364247373,2.1239455618721603,0.18572885916655402
0.014496298364247373,2.1239455618721603,0.18572885916655402
0.014496298364247373,2.1239455618721603,0.18572885916655402
0.014496298364247373,2.1239455618721603,0.18572885916655402
0.014496298364247373,2.1239455618721603,0.18572885916655402
-0.06105809149416075,-0.9069559214081728,0.1615993648084597
-0.06105809149416075,-0.9069559214081728,0.1615993648084597
-0.06105809149416075,-0.9069559214081728,0.1615993648084597
-0.06105809149416075,-0.9069559214081728,0.1615993648084597
-0.06105809149416075,-0.9069559214081728,0.1615993648084597
-0.06716019263485151,-0.5882415925647599,-0.11007972445247027
-0.06716019263485151,-0.5882415925647599,-0.11007972445247027
-0.06716019263485151,-0.5882415925647599,-0.11007972445247027
-0.06716019263485151,-0.5882415925647599,-0.11007972445247027
-0.06716019263485151,-0.5882415925647599,-0.11007972445247027
0.06650335806465435,-0.25711194325610975,0.008655668427916652
0.06650335806465435,-0.25711194325610975,0.008655668427916652
0.06650335806465435,-0.25711194325610975,0.008655668427916652
0.06650335806465435,-0.25711194325610975,0.008655668427916652
0.06650335806465435,-0.25711194325610975,0.008655668427916652
0.11297407002263693,0.8095678762785727,-0.13007198086532057
0.11297407002263693,0.8095678762785727,-0.13007198086532057
0.11297407002263693,0.8095678762785727,-0.13007198086532057
0.11297407002263693,0.8095678762785727,-0.13007198086532057
0.11297407002263693,0.8095678762785727,-0.13007198086532057
-0.05152890626181694,0.9499604753863551,-0.15904923504048973
-0.05152890626181694,0.9499604753863551,-0.15904923504048973
-0.05152890626181694,0.9499604753863551,-0.15904923504048973
-0.05152890626181694,0.9499604753863551,-0.15904923504048973
-0.05152890626181694,0.9499604753863551,-0.15904923504048973
-0.13969120204880614,-1.6247801518266236,-0.16676781875704272
-0.13969120204880614,-1.6247801518266236,-0.16676781875704272
-0.13969120204880614,-1.6247801518266236,-0.16676781875704272
-0.13969120204880614,-1.6247801518266236,-0.16676781875704272
-0.13969120204880614,-1.6247801518266236,-0.16676781875704272
-0.19274599158734773,0.39520971114682446,0.11174738861340039
-0.19274599158734773,0.39520971114682446,0.11174738861340039
-0.19274599158734773,0.39520971114682446,0.11174738861340039
-0.19274599158734773,0.39520971114682446,0.11174738861340039
-0.19274599158734773,0.39520971114682446,0.11174738861340039
-0.06929595935498867,0.6018810990025898,0.0366003605131322
-0.06929595935498867,0.6018810990025898,0.0366003605131322
-0.06929595935498867,0.6018810990025898,0.0366003605131322
-0.06929595935498867,0.6018810990025898,0.0366003605131322
-0.06929595935498867,0.6018810990025898,0.0366003605131322
-0.05468037045218299,-0.34133830820627864,0.1233659736415671
-0.05468037045218299,-0.34133830820627864,0.1233659736415671
-0.05468037045218299,-0.34133830820627864,0.1233659736415671
-0.05468037045218299,-0.34133830820627864,0.1233659736415671
-0.05468037045218299,-0.34133830820627864,0.1233659736415671
-0.1578241658885613,1.8330123119152795,0.23946594184348236
-0.1578241658885613,1.8330123119152795,0.23946594184348236
-0.1578241658885613,1.8330123119152795,0.23946594184348236
-0.1578241658885613,1.8330123119152795,0.23946594184348236
-0.1578241658885613,1.8330123119152795,0.23946594184348236
0.07671232798462846,-1.020373692773692,0.1392606692430629
0.07671232798462846,-1.020373692773692,0.1392606692430629
0.07671232798462846,-1.020373692773692,0.1392606692430629
0.07671232798462846,-1.020373692773692,0.1392606692430629
0.07671232798462846,-1.020373692773692,0.1392606692430629
0.12178013902168239,0.7821507449605747,0.09055960514477235
0.12178013902168239,0.7821507449605747,0.09055960514477235
0.12178013902168239,0.7821507449605747,0.09055960514477235
0.12178013902168239,0.7821507449605747,0.09055960514477235
0.12178013902168239,0.7821507449605747,0.09055960514477235
-0.04244701334163192,-2.3166295978272924,-0.050346361577984666
-0.04244701334163192,-2.3166295978272924,-0.050346361577984666
-0.04244701334163192,-2.3166295978272924,-0.050346361577984666
-0.04244701334163192,-2.3166295978272924,-0.050346361577984666
-0.04244701334163192,-2.3166295978272924,-0.050346361577984666
0.010038811657402391,1.933947216257705,-0.21366157734331281
0.010038811657402391,1.933947216257705,-0.21366157734331281
0.010038811657402391,1.933947216257705,-0.21366157734331281
0.010038811657402391,1.933947216257705,-0.21366157734331281
0.010038811657402391,1.933947216257705,-0.21366157734331281
0.046133872870456116,0.530633417171007,-0.06213023994403244
0.046133872870456116,0.530633417171007,-0.06213023994403244
0.046133872870456116,0.530633417171007,-0.06213023994403244
0.046133872870456116,0.530633417171007,-0.06213023994403244
0.046133872870456116,0.530633417171007,-0.06213023994403244
-0.040662313009237394,0.3673369275544296,-0.1884116976019179
-0.040662313009237394,0.3673369275544296,-0.1884116976019179
-0.040662313009237394,0.3673369275544296,-0.1884116976019179
-0.040662313009237394,0.3673369275544296,-0.1884116976019179
-0.040662313009237394,0.3673369275544296,-0.1884116976019179
0.013645260430243944,-1.9837781435210893,-0.08785250184216764
0.013645260430243944,-1.9837781435210893,-0.08785250184216764
0.013645260430243944,-1.9837781435210893,-0.08785250184216764
0.013645260430243944,-1.9837781435210893,-0.08785250184216764
0.013645260430243944,-1.9837781435210893,-0.08785250184216764
0.03131635992174164,2.631239460578117,-0.07020123533527922
0.03131635992174164,2.631239460578117,-0.07020123533527922
0.03131635992174164,2.631239460578117,-0.07020123533527922
0.03131635992174164,2.631239460578117,-0.07020123533527922
0.03131635992174164,2.631239460578117,-0.07020123533527922
-0.10447398112906736,-0.6307643828471576,-0.1294059427066241
-0.10447398112906736,-0.6307643828471576,-0.1294059427066241
-0.10447398112906736,-0.6307643828471576,-0.1294059427066241
-0.10447398112906736,-0.6307643828471576,-0.1294059427066241
-0.10447398112906736,-0.6307643828471576,-0.1294059427066241
-0.05909261063045079,-0.8020509523761099,-0.045573281179528635
-0.05909261063045079,-0.8020509523761099,-0.045573281179528635
-0.05909261063045079,-0.8020509523761099,-0.045573281179528635
-0.05909261063045079,-0.8020509523761099,-0.045573281179528635
-0.05909261063045079,-0.8020509523761099,-0.045573281179528635
0.20351893189406756,1.7431494782197205,-0.0027540259901162045
0.20351893189406756,1.7431494782197205,-0.0027540259901162045
0.20351893189406756,1.7431494782197205,-0.0027540259901162045
0.20351893189406756,1.7431494782197205,-0.0027540259901162045
0.20351893189406756,1.7431494782197205,-0.0027540259901162045
-0.111987152569057,-2.166912723159008,-0.15731071899809201
-0.111987152569057,-2.166912723159008,-0.15731071899809201
-0.111987152569057,-2.166912723159008,-0.15731071899809201
-0.111987152569057,-2.166912723159008,-0.15731071899809201
-0.111987152569057,-2.166912723159008,-0.15731071899809201
-0.07817986927340481,3.5,-0.21732147189450401
-0.07817986927340481,3.5,-0.21732147189450401
-0.07817986927340481,3.5,-0.21732147189450401
-0.07817986927340481,3.5,-0.21732147189450401
-0.07817986927340481,3.5,-0.21732147189450401
0.06328649052234336,-2.382459173261342,0.03137477241503284
0.06328649052234336,-2.382459173261342,0.03137477241503284
0.06328649052234336,-2.382459173261342,0.03137477241503284
0.06328649052234336,-2.382459173261342,0.03137477241503284
0.06328649052234336,-2.382459173261342,0.03137477241503284
-0.1081585084763077,1.1156126798494714,0.08045359961453435
-0.1081585084763077,1.1156126798494714,0.08045359961453435
-0.1081585084763077,1.1156126798494714,0.08045359961453435
-0.1081585084763077,1.1156126798494714,0.08045359961453435
-0.1081585084763077,1.1156126798494714,0.08045359961453435
-0.0991070201659836,-1.0415788214676844,0.07293977079127245
-0.0991070201659836,-1.0415788214676844,0.07293977079127245
-0.0991070201659836,-1.0415788214676844,0.07293977079127245
-0.0991070201659836,-1.0415788214676844,0.07293977079127245
-0.0991070201659836,-1.0415788214676844,0.07293977079127245
-0.10320928449200739,-0.11102300971699464,-0.029013510017263044
-0.10320928449200739,-0.11102300971699464,-0.029013510017263044
-0.10320928449200739,-0.11102300971699464,-0.029013510017263044
-0.10320928449200739,-0.11102300971699464,-0.029013510017263044
-0.10320928449200739,-0.11102300971699464,-0.029013510017263044
0.02888764540350941,1.1737738058452827,0.10856338486465589
0.02888764540350941,1.1737738058452827,0.10856338486465589
0.02888764540350941,1.1737738058452827,0.10856338486465589
0.02888764540350941,1.1737738058452827,0.10856338486465589
0.02888764540350941,1.1737738058452827,0.10856338486465589
-0.0017140374191431107,-1.3741933079724689,0.13274812810434078
-0.0017140374191431107,-1.3741933079724689,0.13274812810434078
-0.0017140374191431107,-1.3741933079724689,0.13274812810434078
-0.0017140374191431107,-1.3741933079724689,0.13274812810434078
-0.0017140374191431107,-1.3741933079724689,0.13274812810434078
-0.006616215727555108,0.5813878805137271,0.022652889996880532
-0.006616215727555108,0.5813878805137271,0.022652889996880532
-0.006616215727555108,0.5813878805137271,0.022652889996880532
-0.006616215727555108,0.5813878805137271,0.022652889996880532
-0.006616215727555108,0.5813878805137271,0.022652889996880532
-0.003293601236176613,-0.6899790118913103,0.02395515305125251
-0.003293601236176613,-0.6899790118913103,0.02395515305125251
-0.003293601236176613,-0.6899790118913103,0.02395515305125251
-0.003293601236176613,-0.6899790118913103,0.02395515305125251
-0.003293601236176613,-0.6899790118913103,0.02395515305125251
-0.056108324509009044,1.4470988405253067,-0.011198962969681148
-0.056108324509009044,1.4470988405253067,-0.011198962969681148
-0.056108324509009044,1.4470988405253067,-0.011198962969681148
-0.056108324509009044,1.4470988405253067,-0.011198962969681148
-0.056108324509009044,1.4470988405253067,-0.011198962969681148
-0.017740608360782062,0.2710541600411638,-0.04692566282315269
-0.017740608360782062,0.2710541600411638,-0.04692566282315269
-0.017740608360782062,0.2710541600411638,-0.04692566282315269
-0.017740608360782062,0.2710541600411638,-0.04692566282315269
-0.017740608360782062,0.2710541600411638,-0.04692566282315269
-0.0806767250529088,-0.6738086422437206,-0.026575829105308202
-0.0806767250529088,-0.6738086422437206,-0.026575829105308202
-0.0806767250529088,-0.6738086422437206,-0.026575829105308202
-0.0806767250529088,-0.6738086422437206,-0.026575829105308202
-0.0806767250529088,-0.6738086422437206,-0.026575829105308202
0.04816253827207362,-0.46079172616357944,-0.001468898551163278
0.04816253827207362,-0.46079172616357944,-0.001468898551163278
0.04816253827207362,-0.46079172616357944,-0.001468898551163278
0.04816253827207362,-0.46079172616357944,-0.001468898551163278
0.04816253827207362,-0.46079172616357944,-0.001468898551163278
-0.09778437253394934,0.7016357349945341,-0.01884168582900614
-0.09778437253394934,0.7016357349945341,-0.01884168582900614
-0.09778437253394934,0.7016357349945341,-0.01884168582900614
-0.09778437253394934,0.7016357349945341,-0.01884168582900614
-0.09778437253394934,0.7016357349945341,-0.01884168582900614
-0.09040823304427725,0.9077826080238403,0.07807724182896614
-0.09040823304427725,0.9077826080238403,0.07807724182896614
-0.09040823304427725,0.9077826080238403,0.07807724182896614
-0.09040823304427725,0.9077826080238403,0.07807724182896614
-0.09040823304427725,0.9077826080238403,0.07807724182896614
-0.07511585195210024,-1.1860331235746706,-0.03433266667375179
-0.07511585195210024,-1.1860331235746706,-0.03433266667375179
-0.07511585195210024,-1.1860331235746706,-0.03433266667375179
-0.07511585195210024,-1.1860331235746706,-0.03433266667375179
-0.07511585195210024,-1.1860331235746706,-0.03433266667375179
0.1381375428283187,2.7477558667521986,0.13183695708050536
0.1381375428283187,2.7477558667521986,0.13183695708050536
0.1381375428283187,2.7477558667521986,0.13183695708050536
0.1381375428283187,2.7477558667521986,0.13183695708050536
0.1381375428283187,2.7477558667521986,0.13183695708050536
0.13321053791269932,-3.2029704488965685,-0.03872907098120848
0.13321053791269932,-3.2029704488965685,-0.03872907098120848
0.13321053791269932,-3.2029704488965685,-0.03872907098120848
0.13321053791269932,-3.2029704488965685,-0.03872907098120848
0.13321053791269932,-3.2029704488965685,-0.03872907098120848
0.05954480667339457,0.9174761012674519,-0.09637213575111758
0.05954480667339457,0.9174761012674519,-0.09637213575111758
0.05954480667339457,0.9174761012674519,-0.09637213575111758
0.05954480667339457,0.9174761012674519,-0.09637213575111758
0.05954480667339457,0.9174761012674519,-0.09637213575111758
0.02817922204020107,0.28167189176511087,0.030975768811963178
0.02817922204020107,0.28167189176511087,0.030975768811963178
0.02817922204020107,0.28167189176511087,0.030975768811963178
0.02817922204020107,0.28167189176511087,0.030975768811963178
0.02817922204020107,0.28167189176511087,0.030975768811963178
-0.07744106519441996,-1.2123988498087108,0.011134284485329715
-0.07744106519441996,-1.2123988498087108,0.011134284485329715
-0.07744106519441996,-1.2123988498087108,0.011134284485329715
-0.07744106519441996,-1.2123988498087108,0.011134284485329715
-0.07744106519441996,-1.2123988498087108,0.011134284485329715
-0.06379601003902557,1.2187292670786256,-0.10881577447536728
-0.06379601003902557,1.2187292670786256,-0.10881577447536728
-0.06379601003902557,1.2187292670786256,-0.10881577447536728
-0.06379601003902557,1.2187292670786256,-0.10881577447536728
-0.06379601003902557,1.2187292670786256,-0.10881577447536728
0.07414206341193541,-1.9192141335357142,-0.03579627493387072
0.07414206341193541,-1.9192141335357142,-0.03579627493387072
0.07414206341193541,-1.9192141335357142,-0.03579627493387072
0.07414206341193541,-1.9192141335357142,-0.03579627493387072
0.07414206341193541,-1.9192141335357142,-0.03579627493387072
0.05437556366101326,1.7380114023193673,0.013544891820654215
0.05437556366101326,1.7380114023193673,0.013544891820654215
0.05437556366101326,1.7380114023193673,0.013544891820654215
0.05437556366101326,1.7380114023193673,0.013544891820654215
0.05437556366101326,1.7380114023193673,0.013544891820654215
0.07110352249608276,-1.290516657998534,-0.022849851959875878
0.07110352249608276,-1.290516657998534,-0.022849851959875878
0.07110352249608276,-1.290516657998534,-0.022849851959875878
0.07110352249608276,-1.290516657998534,-0.022849851959875878
0.07110352249608276,-1.290516657998534,-0.022849851959875878
0.024468744863717085,0.9787838947223122,0.09311828525840937
0.024468744863717085,0.9787838947223122,0.09311828525840937
0.024468744863717085,0.9787838947223122,0.09311828525840937
0.024468744863717085,0.9787838947223122,0.09311828525840937
0.024468744863717085,0.9787838947223122,0.09311828525840937
-0.07574796524831662,-2.1819597878618033,0.14374452045765018
-0.07574796524831662,-2.1819597878618033,0.14374452045765018
-0.07574796524831662,-2.1819597878618033,0.14374452045765018
-0.07574796524831662,-2.1819597878618033,0.14374452045765018
-0.07574796524831662,-2.1819597878618033,0.14374452045765018
0.03941165386522094,2.772689882953159,-0.07298188716737641
0.03941165386522094,2.772689882953159,-0.07298188716737641
0.03941165386522094,2.772689882953159,-0.07298188716737641
0.03941165386522094,2.772689882953159,-0.07298188716737641
0.03941165386522094,2.772689882953159,-0.07298188716737641
-0.036565903468574135,-1.6905837207913628,-0.08858772903318268
-0.036565903468574135,-1.6905837207913628,-0.08858772903318268
-0.036565903468574135,-1.6905837207913628,-0.08858772903318268
-0.036565903468574135,-1.6905837207913628,-0.08858772903318268
-0.036565903468574135,-1.6905837207913628,-0.08858772903318268
0.03906942064339969,1.2995376028258647,0.03405432528002805
0.03906942064339969,1.2995376028258647,0.03405432528002805
0.03906942064339969,1.2995376028258647,0.03405432528002805
0.03906942064339969,1.2995376028258647,0.03405432528002805
0.03906942064339969,1.2995376028258647,0.03405432528002805
0.18175070462047938,-2.471260301400834,0.05469541385655852
0.18175070462047938,-2.471260301400834,0.05469541385655852
0.18175070462047938,-2.471260301400834,0.05469541385655852
0.18175070462047938,-2.471260301400834,0.05469541385655852
0.18175070462047938,-2.471260301400834,0.05469541385655852
-0.02332147542287899,2.1346952780177926,0.027442807030000793
-0.02332147542287899,2.1346952780177926,0.027442807030000793
-0.02332147542287899,2.1346952780177926,0.027442807030000793
-0.02332147542287899,2.1346952780177926,0.027442807030000793
-0.02332147542287899,2.1346952780177926,0.027442807030000793
-0.04703960216995462,-0.05870323571262759,-0.0006687213389859892
-0.04703960216995462,-0.05870323571262759,-0.0006687213389859892
-0.04703960216995462,-0.05870323571262759,-0.0006687213389859892
-0.04703960216995462,-0.05870323571262759,-0.0006687213389859892
-0.04703960216995462,-0.05870323571262759,-0.0006687213389859892
0.050871668109452095,-0.5172495188424087,-0.11535454997691552
0.050871668109452095,-0.5172495188424087,-0.11535454997691552
0.050871668109452095,-0.5172495188424087,-0.11535454997691552
0.050871668109452095,-0.5172495188424087,-0.11535454997691552
0.050871668109452095,-0.5172495188424087,-0.11535454997691552
0.15373202012743814,0.030879858111067193,-0.1378667172934147
0.15373202012743814,0.030879858111067193,-0.1378667172934147
0.15373202012743814,0.030879858111067193,-0.1378667172934147
0.15373202012743814,0.030879858111067193,-0.1378667172934147
0.15373202012743814,0.030879858111067193,-0.1378667172934147
0.11966934741912905,-0.24730423008188396,-0.02214293024875502
0.11966934741912905,-0.24730423008188396,-0.02214293024875502
0.11966934741912905,-0.24730423008188396,-0.02214293024875502
0.11966934741912905,-0.24730423008188396,-0.02214293024875502
0.11966934741912905,-0.24730423008188396,-0.02214293024875502
0.05917016842685818,-0.614338840417167,0.07223797286869349
0.05917016842685818,-0.614338840417167,0.07223797286869349
0.05917016842685818,-0.614338840417167,0.07223797286869349
0.05917016842685818,-0.614338840417167,0.07223797286869349
0.05917016842685818,-0.614338840417167,0.07223797286869349
0.013261277052003528,3.025149867785295,0.04413848906425777
0.013261277052003528,3.025149867785295,0.04413848906425777
0.013261277052003528,3.025149867785295,0.04413848906425777
0.013261277052003528,3.025149867785295,0.04413848906425777
0.013261277052003528,3.025149867785295,0.04413848906425777
-0.04858929429285208,-2.4203339436079787,-0.0016707994015678906
-0.04858929429285208,-2.4203339436079787,-0.0016707994015678906
-0.04858929429285208,-2.4203339436079787,-0.0016707994015678906
-0.04858929429285208,-2.4203339436079787,-0.0016707994015678906
-0.04858929429285208,-2.4203339436079787,-0.0016707994015678906
0.06648096060842512,0.09146464804583232,0.12351445448593168
0.06648096060842512,0.09146464804583232,0.12351445448593168
0.06648096060842512,0.09146464804583232,0.12351445448593168
0.06648096060842512,0.09146464804583232,0.12351445448593168
0.06648096060842512,0.09146464804583232,0.12351445448593168
0.17558678404432193,0.6848290807302551,-0.02634659700426134
0.17558678404432193,0.6848290807302551,-0.02634659700426134
0.17558678404432193,0.6848290807302551,-0.02634659700426134
0.17558678404432193,0.6848290807302551,-0.02634659700426134
0.17558678404432193,0.6848290807302551,-0.02634659700426134
-0.04076776648974523,-0.1575568753241221,0.11037562960975222
-0.04076776648974523,-0.1575568753241221,0.11037562960975222
-0.04076776648974523,-0.1575568753241221,0.11037562960975222
-0.04076776648974523,-0.1575568753241221,0.11037562960975222
-0.04076776648974523,-0.1575568753241221,0.11037562960975222
-0.04904377400775228,1.1536413657044609,-0.04954376009047934
-0.04904377400775228,1.1536413657044609,-0.04954376009047934
-0.04904377400775228,1.1536413657044609,-0.04954376009047934
-0.04904377400775228,1.1536413657044609,-0.04954376009047934
-0.04904377400775228,1.1536413657044609,-0.04954376009047934
0.021345965159834,-0.0885515570212263,-0.04227014706171062
0.021345965159834,-0.0885515570212263,-0.04227014706171062
0.021345965159834,-0.0885515570212263,-0.04227014706171062
0.021345965159834,-0.0885515570212263,-0.04227014706171062
0.021345965159834,-0.0885515570212263,-0.04227014706171062
-0.0498916929298403,-1.7690679932584317,0.1300061268163457
-0.0498916929298403,-1.7690679932584317,0.1300061268163457
-0.0498916929298403,-1.7690679932584317,0.1300061268163457
-0.0498916929298403,-1.7690679932584317,0.1300061268163457
-0.0498916929298403,-1.7690679932584317,0.1300061268163457
0.1796747757666104,1.473383545305671,0.04882693071762212
0.1796747757666104,1.473383545305671,0.04882693071762212
0.1796747757666104,1.473383545305671,0.04882693071762212
0.1796747757666104,1.473383545305671,0.04882693071762212
0.1796747757666104,1.473383545305671,0.04882693071762212
0.0020992504526988753,1.4904419901208286,-0.05681109136201279
0.0020992504526988753,1.4904419901208286,-0.05681109136201279
0.0020992504526988753,1.4904419901208286,-0.05681109136201279
0.0020992504526988753,1.4904419901208286,-0.05681109136201279
0.0020992504526988753,1.4904419901208286,-0.05681109136201279
-0.13556919404220835,-0.904066597252374,-0.12346178097850746
-0.13556919404220835,-0.904066597252374,-0.12346178097850746
-0.13556919404220835,-0.904066597252374,-0.12346178097850746
-0.13556919404220835,-0.904066597252374,-0.12346178097850746
-0.13556919404220835,-0.904066597252374,-0.12346178097850746
-0.08555238044312752,1.030254200725782,-0.13517111711313134
-0.08555238044312752,1.030254200725782,-0.13517111711313134
-0.08555238044312752,1.030254200725782,-0.13517111711313134
-0.08555238044312752,1.030254200725782,-0.13517111711313134
-0.08555238044312752,1.030254200725782,-0.13517111711313134
-0.018902226084795082,-2.578952646482474,0.1391416728953896
-0.018902226084795082,-2.578952646482474,0.1391416728953896
-0.018902226084795082,-2.578952646482474,0.1391416728953896
-0.018902226084795082,-2.578952646482474,0.1391416728953896
-0.018902226084795082,-2.578952646482474,0.1391416728953896
-0.057232412663593024,1.6276588772172502,0.12902229789183295
-0.057232412663593024,1.6276588772172502,0.12902229789183295
-0.057232412663593024,1.6276588772172502,0.12902229789183295
-0.057232412663593024,1.6276588772172502,0.12902229789183295
-0.057232412663593024,1.6276588772172502,0.12902229789183295
-0.06106841575624067,-1.378132269040556,0.10778263007252065
-0.06106841575624067,-1.378132269040556,0.10778263007252065
-0.06106841575624067,-1.378132269040556,0.10778263007252065
-0.06106841575624067,-1.378132269040556,0.10778263007252065
-0.06106841575624067,-1.378132269040556,0.10778263007252065
0.07633098919447256,2.863580583172517,-0.008862951808215058
0.07633098919447256,2.863580583172517,-0.008862951808215058
0.07633098919447256,2.863580583172517,-0.008862951808215058
0.07633098919447256,2.863580583172517,-0.008862951808215058
0.07633098919447256,2.863580583172517,-0.008862951808215058
0.1283008908321399,-2.440537776689972,-0.018409751155008536
0.1283008908321399,-2.440537776689972,-0.018409751155008536
0.1283008908321399,-2.440537776689972,-0.018409751155008536
0.1283008908321399,-2.440537776689972,-0.018409751155008536
0.1283008908321399,-2.440537776689972,-0.018409751155008536
-0.14886675725012388,2.4557792104551304,0.0913298732738621
-0.14886675725012388,2.4557792104551304,0.0913298732738621
-0.14886675725012388,2.4557792104551304,0.0913298732738621
-0.14886675725012388,2.4557792104551304,0.0913298732738621
-0.14886675725012388,2.4557792104551304,0.0913298732738621
-0.1583278136538242,-3.4664401193491265,0.1776857163186314
-0.1583278136538242,-3.4664401193491265,0.1776857163186314
-0.1583278136538242,-3.4664401193491265,0.1776857163186314
-0.1583278136538242,-3.4664401193491265,0.1776857163186314
-0.1583278136538242,-3.4664401193491265,0.1776857163186314
-0.26769712890532826,3.5,0.1448789424794441
-0.26769712890532826,3.5,0.1448789424794441
-0.26769712890532826,3.5,0.1448789424794441
-0.26769712890532826,3.5,0.1448789424794441
-0.26769712890532826,3.5,0.1448789424794441
-0.125058351498593,-5.122323533312841,0.007537224123653985
-0.125058351498593,-5.122323533312841,0.007537224123653985
-0.125058351498593,-5.122323533312841,0.007537224123653985
-0.125058351498593,-5.122323533312841,0.007537224123653985
-0.125058351498593,-5.122323533312841,0.007537224123653985
-0.059576583152844975,3.5,-0.039683641262300284
-0.059576583152844975,3.5,-0.039683641262300284
-0.059576583152844975,3.5,-0.039683641262300284
-0.059576583152844975,3.5,-0.039683641262300284
-0.059576583152844975,3.5,-0.039683641262300284
-0.05778814243266517,0.7559593703842857,-0.04166407650826898
-0.05778814243266517,0.7559593703842857,-0.04166407650826898
-0.05778814243266517,0.7559593703842857,-0.04166407650826898
-0.05778814243266517,0.7559593703842857,-0.04166407650826898
-0.05778814243266517,0.7559593703842857,-0.04166407650826898
-0.0744281608775097,-0.3106218378646801,-0.0018351983575612962
-0.0744281608775097,-0.3106218378646801,-0.0018351983575612962
-0.0744281608775097,-0.3106218378646801,-0.0018351983575612962
-0.0744281608775097,-0.3106218378646801,-0.0018351983575612962
-0.0744281608775097,-0.3106218378646801,-0.0018351983575612962
0.04527556829091761,0.6469238236712478,0.04796288021621109
0.04527556829091761,0.6469238236712478,0.04796288021621109
0.04527556829091761,0.6469238236712478,0.04796288021621109
0.04527556829091761,0.6469238236712478,0.04796288021621109
0.04527556829091761,0.6469238236712478,0.04796288021621109
0.16704343024500368,-1.0654349316105183,0.23613986569999845
0.16704343024500368,-1.0654349316105183,0.23613986569999845
0.16704343024500368,-1.0654349316105183,0.23613986569999845
0.16704343024500368,-1.0654349316105183,0.23613986569999845
0.16704343024500368,-1.0654349316105183,0.23613986569999845
0.24982938292835932,0.5900921877682279,0.10531366077011128
0.24982938292835932,0.5900921877682279,0.10531366077011128
0.24982938292835932,0.5900921877682279,0.10531366077011128
0.24982938292835932,0.5900921877682279,0.10531366077011128
0.24982938292835932,0.5900921877682279,0.10531366077011128
0.02528937832766509,0.14252110980594423,0.04940790777591353
0.02528937832766509,0.14252110980594423,0.04940790777591353
0.02528937832766509,0.14252110980594423,0.04940790777591353
0.02528937832766509,0.14252110980594423,0.04940790777591353
0.02528937832766509,0.14252110980594423,0.04940790777591353
0.10604190607445041,-1.3779891648405709,0.10447892524744518
0.10604190607445041,-1.3779891648405709,0.10447892524744518
0.10604190607445041,-1.3779891648405709,0.10447892524744518
0.10604190607445041,-1.3779891648405709,0.10447892524744518
0.10604190607445041,-1.3779891648405709,0.10447892524744518
-0.05322618072070906,2.720254835085102,0.12539635412355565
-0.05322618072070906,2.720254835085102,0.12539635412355565
-0.05322618072070906,2.720254835085102,0.12539635412355565
-0.05322618072070906,2.720254835085102,0.12539635412355565
-0.05322618072070906,2.720254835085102,0.12539635412355565
-0.06661592558957974,-1.1289756923936132,-0.03007821347950035
-0.06661592558957974,-1.1289756923936132,-0.03007821347950035
-0.06661592558957974,-1.1289756923936132,-0.03007821347950035
-0.06661592558957974,-1.1289756923936132,-0.03007821347950035
-0.06661592558957974,-1.1289756923936132,-0.03007821347950035
0.052729090477871665,-0.4943438175495185,-0.07121778824124547
0.052729090477871665,-0.4943438175495185,-0.07121778824124547
0.052729090477871665,-0.4943438175495185,-0.07121778824124547
0.052729090477871665,-0.4943438175495185,-0.07121778824124547
0.052729090477871665,-0.4943438175495185,-0.07121778824124547
-0.1052049960460506,1.6614098942582274,-0.00958894723342496
-0.1052049960460506,1.6614098942582274,-0.00958894723342496
-0.1052049960460506,1.6614098942582274,-0.00958894723342496
-0.1052049960460506,1.6614098942582274,-0.00958894723342496
-0.1052049960460506,1.6614098942582274,-0.00958894723342496
0.018149630730855293,-1.5414614584217752,0.10438647973052007
0.018149630730855293,-1.5414614584217752,0.10438647973052007
