c0.a,c1.a,i0.a
0.0,3.5,0.0
0.0,3.5,0.0
0.0,3.5,0.0
0.0,3.5,0.0
0.0,3.5,0.0
-0.048044393921335526,3.5,0.12595617327733066
-0.048044393921335526,3.5,0.12595617327733066
-0.048044393921335526,3.5,0.12595617327733066
-0.048044393921335526,3.5,0.12595617327733066
-0.048044393921335526,3.5,0.12595617327733066
-0.02587441457360562,-4.435394475861621,0.17045259903729715
-0.02587441457360562,-4.435394475861621,0.17045259903729715
-0.02587441457360562,-4.435394475861621,0.17045259903729715
-0.02587441457360562,-4.435394475861621,0.17045259903729715
-0.02587441457360562,-4.435394475861621,0.17045259903729715
0.018802481699337292,-3.9873724993508333,0.037911495359622904
0.018802481699337292,-3.9873724993508333,0.037911495359622904
0.018802481699337292,-3.9873724993508333,0.037911495359622904
0.018802481699337292,-3.9873724993508333,0.037911495359622904
0.018802481699337292,-3.9873724993508333,0.037911495359622904
0.056093084743616295,-6.56,-0.12602465018690623
0.056093084743616295,-6.56,-0.12602465018690623
0.056093084743616295,-6.56,-0.12602465018690623
0.056093084743616295,-6.56,-0.12602465018690623
0.056093084743616295,-6.56,-0.12602465018690623
-0.31904393818503074,-3.9823979867862,0.07155925134681951
-0.31904393818503074,-3.9823979867862,0.07155925134681951
-0.31904393818503074,-3.9823979867862,0.07155925134681951
-0.31904393818503074,-3.9823979867862,0.07155925134681951
-0.31904393818503074,-3.9823979867862,0.07155925134681951
-0.1473122561695579,-4.101141197309037,-0.10447976719837904
-0.1473122561695579,-4.101141197309037,-0.10447976719837904
-0.1473122561695579,-4.101141197309037,-0.10447976719837904
-0.1473122561695579,-4.101141197309037,-0.10447976719837904
-0.1473122561695579,-4.101141197309037,-0.10447976719837904
-0.17617928116500003,2.958111512948939,0.04561958827894408
-0.17617928116500003,2.958111512948939,0.04561958827894408
-0.17617928116500003,2.958111512948939,0.04561958827894408
-0.17617928116500003,2.958111512948939,0.04561958827894408
-0.17617928116500003,2.958111512948939,0.04561958827894408
-0.08869363007435993,-2.4717509973656426,0.08667661568502538
-0.08869363007435993,-2.4717509973656426,0.08667661568502538
-0.08869363007435993,-2.4717509973656426,0.08667661568502538
-0.08869363007435993,-2.4717509973656426,0.08667661568502538
-0.08869363007435993,-2.4717509973656426,0.08667661568502538
0.04474101612373005,0.4994165460257687,-0.05053339630978115
0.04474101612373005,0.4994165460257687,-0.05053339630978115
0.04474101612373005,0.4994165460257687,-0.05053339630978115
0.04474101612373005,0.4994165460257687,-0.05053339630978115
0.04474101612373005,0.4994165460257687,-0.05053339630978115
0.06520998140278866,-0.4924539495139726,-0.15730017623496195
0.06520998140278866,-0.4924539495139726,-0.15730017623496195
0.06520998140278866,-0.4924539495139726,-0.15730017623496195
0.06520998140278866,-0.4924539495139726,-0.15730017623496195
0.06520998140278866,-0.4924539495139726,-0.15730017623496195
-0.00678882895386046,-1.8533798259733079,-0.24785538941832463
-0.00678882895386046,-1.8533798259733079,-0.24785538941832463
-0.00678882895386046,-1.8533798259733079,-0.24785538941832463
-0.00678882895386046,-1.8533798259733079,-0.24785538941832463
-0.00678882895386046,-1.8533798259733079,-0.24785538941832463
-0.20950894473325388,-1.5864600775294946,0.005586905184799207
-0.20950894473325388,-1.5864600775294946,0.005586905184799207
-0.20950894473325388,-1.5864600775294946,0.005586905184799207
-0.20950894473325388,-1.5864600775294946,0.005586905184799207
-0.20950894473325388,-1.5864600775294946,0.005586905184799207
-0.0994857221504617,0.774746460160932,0.12112464860364014
-0.0994857221504617,0.774746460160932,0.12112464860364014
-0.0994857221504617,0.774746460160932,0.12112464860364014
-0.0994857221504617,0.774746460160932,0.12112464860364014
-0.0994857221504617,0.774746460160932,0.12112464860364014
-0.060845557966830555,-1.1603053444462361,0.11298172041465371
-0.060845557966830555,-1.1603053444462361,0.11298172041465371
-0.060845557966830555,-1.1603053444462361,0.11298172041465371
-0.060845557966830555,-1.1603053444462361,0.11298172041465371
-0.060845557966830555,-1.1603053444462361,0.11298172041465371
-0.040213914655128136,1.4065819670873978,0.14726649577836426
-0.040213914655128136,1.4065819670873978,0.14726649577836426
-0.040213914655128136,1.4065819670873978,0.14726649577836426
-0.040213914655128136,1.4065819670873978,0.14726649577836426
-0.040213914655128136,1.4065819670873978,0.14726649577836426
0.002285326460569337,-1.1791284855903967,-0.011880686955576536
0.002285326460569337,-1.1791284855903967,-0.011880686955576536
0.002285326460569337,-1.1791284855903967,-0.011880686955576536
0.002285326460569337,-1.1791284855903967,-0.011880686955576536
0.002285326460569337,-1.1791284855903967,-0.011880686955576536
-0.1319983224412411,0.20405075842344367,-0.09585622449247744
-0.1319983224412411,0.20405075842344367,-0.09585622449247744
-0.1319983224412411,0.20405075842344367,-0.09585622449247744
-0.1319983224412411,0.20405075842344367,-0.09585622449247744
-0.1319983224412411,0.20405075842344367,-0.09585622449247744
0.04134498328324909,0.18221463678297667,-0.019315439067687734
0.04134498328324909,0.18221463678297667,-0.019315439067687734
0.04134498328324909,0.18221463678297667,-0.019315439067687734
0.04134498328324909,0.18221463678297667,-0.019315439067687734
0.04134498328324909,0.18221463678297667,-0.019315439067687734
0.2412303138094769,-0.5307069104895934,0.05020144833689422
0.2412303138094769,-0.5307069104895934,0.05020144833689422
0.2412303138094769,-0.5307069104895934,0.05020144833689422
0.2412303138094769,-0.5307069104895934,0.05020144833689422
0.2412303138094769,-0.5307069104895934,0.05020144833689422
0.1176938413590145,-0.18293768310272718,-0.16889063903503754
0.1176938413590145,-0.18293768310272718,-0.16889063903503754
0.1176938413590145,-0.18293768310272718,-0.16889063903503754
0.1176938413590145,-0.18293768310272718,-0.16889063903503754
0.1176938413590145,-0.18293768310272718,-0.16889063903503754
-0.0319491923550439,0.26412700668780253,0.23020131811490074
-0.0319491923550439,0.26412700668780253,0.23020131811490074
-0.0319491923550439,0.26412700668780253,0.23020131811490074
-0.0319491923550439,0.26412700668780253,0.23020131811490074
-0.0319491923550439,0.26412700668780253,0.23020131811490074
-0.16043918132527324,-0.5599821973121699,-0.05122928795382009
-0.16043918132527324,-0.5599821973121699,-0.05122928795382009
-0.16043918132527324,-0.5599821973121699,-0.05122928795382009
-0.16043918132527324,-0.5599821973121699,-0.05122928795382009
-0.16043918132527324,-0.5599821973121699,-0.05122928795382009
-0.004810407835388553,0.2512276066888237,0.25487589241816444
-0.004810407835388553,0.2512276066888237,0.25487589241816444
-0.004810407835388553,0.2512276066888237,0.25487589241816444
-0.004810407835388553,0.2512276066888237,0.25487589241816444
-0.004810407835388553,0.2512276066888237,0.25487589241816444
0.16797161403878746,0.17984542686625282,0.13940171674633284
0.16797161403878746,0.17984542686625282,0.13940171674633284
0.16797161403878746,0.17984542686625282,0.13940171674633284
0.16797161403878746,0.17984542686625282,0.13940171674633284
0.16797161403878746,0.17984542686625282,0.13940171674633284
0.006857900027629427,-0.5630289328911164,0.2630678292783859
0.006857900027629427,-0.5630289328911164,0.2630678292783859
0.006857900027629427,-0.5630289328911164,0.2630678292783859
0.006857900027629427,-0.5630289328911164,0.2630678292783859
0.006857900027629427,-0.5630289328911164,0.2630678292783859
-0.04372457616835668,-0.4416352320715493,0.15098655609392964
-0.04372457616835668,-0.4416352320715493,0.15098655609392964
-0.04372457616835668,-0.4416352320715493,0.15098655609392964
-0.04372457616835668,-0.4416352320715493,0.15098655609392964
-0.04372457616835668,-0.4416352320715493,0.15098655609392964
-0.2972446609332895,0.7815059793086423,0.019383692266467634
-0.2972446609332895,0.7815059793086423,0.019383692266467634
-0.2972446609332895,0.7815059793086423,0.019383692266467634
-0.2972446609332895,0.7815059793086423,0.019383692266467634
-0.2972446609332895,0.7815059793086423,0.019383692266467634
-0.07734948278524811,-0.06897979761630069,-0.03813776030481364
-0.07734948278524811,-0.06897979761630069,-0.03813776030481364
-0.07734948278524811,-0.06897979761630069,-0.03813776030481364
-0.07734948278524811,-0.06897979761630069,-0.03813776030481364
-0.07734948278524811,-0.06897979761630069,-0.03813776030481364
0.054778070193966855,-1.1346292870989299,-0.07691371570241401
0.054778070193966855,-1.1346292870989299,-0.07691371570241401
0.054778070193966855,-1.1346292870989299,-0.07691371570241401
0.054778070193966855,-1.1346292870989299,-0.07691371570241401
0.054778070193966855,-1.1346292870989299,-0.07691371570241401
-0.07195930310065979,1.1121525888296517,-0.19887344979001043
-0.07195930310065979,1.1121525888296517,-0.19887344979001043
-0.07195930310065979,1.1121525888296517,-0.19887344979001043
-0.07195930310065979,1.1121525888296517,-0.19887344979001043
-0.07195930310065979,1.1121525888296517,-0.19887344979001043
-0.14694571060283845,0.46210583237436254,-0.046857980818728606
-0.14694571060283845,0.46210583237436254,-0.046857980818728606
-0.14694571060283845,0.46210583237436254,-0.046857980818728606
-0.14694571060283845,0.46210583237436254,-0.046857980818728606
-0.14694571060283845,0.46210583237436254,-0.046857980818728606
-0.12184371131459315,0.11290946132293733,0.08848695493012038
-0.12184371131459315,0.11290946132293733,0.08848695493012038
-0.12184371131459315,0.11290946132293733,0.08848695493012038
-0.12184371131459315,0.11290946132293733,0.08848695493012038
-0.12184371131459315,0.11290946132293733,0.08848695493012038
0.06332367574253261,-0.779371832186845,0.11670392805929275
0.06332367574253261,-0.779371832186845,0.11670392805929275
0.06332367574253261,-0.779371832186845,0.11670392805929275
0.06332367574253261,-0.779371832186845,0.11670392805929275
0.06332367574253261,-0.779371832186845,0.11670392805929275
-0.12777302865120266,0.9868843831455916,0.005089210379034981
-0.12777302865120266,0.9868843831455916,0.005089210379034981
-0.12777302865120266,0.9868843831455916,0.005089210379034981
-0.12777302865120266,0.9868843831455916,0.005089210379034981
-0.12777302865120266,0.9868843831455916,0.005089210379034981
-0.09537338732503375,-0.4189255859931311,0.021883345954666567
-0.09537338732503375,-0.4189255859931311,0.021883345954666567
-0.09537338732503375,-0.4189255859931311,0.021883345954666567
-0.09537338732503375,-0.4189255859931311,0.021883345954666567
-0.09537338732503375,-0.4189255859931311,0.021883345954666567
-0.09354235409551581,-0.4126452444630093,-0.11145546146827456
-0.09354235409551581,-0.4126452444630093,-0.11145546146827456
-0.09354235409551581,-0.4126452444630093,-0.11145546146827456
-0.09354235409551581,-0.4126452444630093,-0.11145546146827456
-0.09354235409551581,-0.4126452444630093,-0.11145546146827456
0.03422065385373241,0.5026994289981062,0.029519559207638935
0.03422065385373241,0.5026994289981062,0.029519559207638935
0.03422065385373241,0.5026994289981062,0.029519559207638935
0.03422065385373241,0.5026994289981062,0.029519559207638935
0.03422065385373241,0.5026994289981062,0.029519559207638935
0.1673042731684875,-0.8123777365004372,-0.16803987400775178
0.1673042731684875,-0.8123777365004372,-0.16803987400775178
0.1673042731684875,-0.8123777365004372,-0.16803987400775178
0.1673042731684875,-0.8123777365004372,-0.16803987400775178
0.1673042731684875,-0.8123777365004372,-0.16803987400775178
-0.05312087584551861,0.36617364030003685,-0.21185775366203075
-0.05312087584551861,0.36617364030003685,-0.21185775366203075
-0.05312087584551861,0.36617364030003685,-0.21185775366203075
-0.05312087584551861,0.36617364030003685,-0.21185775366203075
-0.05312087584551861,0.36617364030003685,-0.21185775366203075
-0.07659432159497914,-0.2841993189172527,0.08032325317272893
-0.07659432159497914,-0.2841993189172527,0.08032325317272893
-0.07659432159497914,-0.2841993189172527,0.08032325317272893
-0.07659432159497914,-0.2841993189172527,0.08032325317272893
-0.07659432159497914,-0.2841993189172527,0.08032325317272893
0.21756744894594515,1.0819462649398375,0.05741001141233504
0.21756744894594515,1.0819462649398375,0.05741001141233504
0.21756744894594515,1.0819462649398375,0.05741001141233504
0.21756744894594515,1.0819462649398375,0.05741001141233504
0.21756744894594515,1.0819462649398375,0.05741001141233504
0.2912595896592354,-1.4529725414160684,0.11569988945834275
0.2912595896592354,-1.4529725414160684,0.11569988945834275
0.2912595896592354,-1.4529725414160684,0.11569988945834275
0.2912595896592354,-1.4529725414160684,0.11569988945834275
0.2912595896592354,-1.4529725414160684,0.11569988945834275
0.13877680353378352,0.8835107825242865,-0.12745677615009754
0.13877680353378352,0.8835107825242865,-0.12745677615009754
0.13877680353378352,0.8835107825242865,-0.12745677615009754
0.13877680353378352,0.8835107825242865,-0.12745677615009754
0.13877680353378352,0.8835107825242865,-0.12745677615009754
-0.06348649012457663,0.14765150057819731,0.10634623130578547
-0.06348649012457663,0.14765150057819731,0.10634623130578547
-0.06348649012457663,0.14765150057819731,0.10634623130578547
-0.06348649012457663,0.14765150057819731,0.10634623130578547
-0.06348649012457663,0.14765150057819731,0.10634623130578547
-0.025365081678542012,-0.5556712015993401,0.16858453357228598
-0.025365081678542012,-0.5556712015993401,0.16858453357228598
-0.025365081678542012,-0.5556712015993401,0.16858453357228598
-0.025365081678542012,-0.5556712015993401,0.16858453357228598
-0.025365081678542012,-0.5556712015993401,0.16858453357228598
-0.29408517082296814,-0.1369988198146892,0.03023601279660504
-0.29408517082296814,-0.1369988198146892,0.03023601279660504
-0.29408517082296814,-0.1369988198146892,0.03023601279660504
-0.29408517082296814,-0.1369988198146892,0.03023601279660504
-0.29408517082296814,-0.1369988198146892,0.03023601279660504
0.03221774308962999,1.238580205958952,0.12737041516313852
0.03221774308962999,1.238580205958952,0.12737041516313852
0.03221774308962999,1.238580205958952,0.12737041516313852
0.03221774308962999,1.238580205958952,0.12737041516313852
0.03221774308962999,1.238580205958952,0.12737041516313852
-0.01367542583818171,-1.9482322921072992,0.07186467577226985
-0.01367542583818171,-1.9482322921072992,0.07186467577226985
-0.01367542583818171,-1.9482322921072992,0.07186467577226985
-0.01367542583818171,-1.9482322921072992,0.07186467577226985
-0.01367542583818171,-1.9482322921072992,0.07186467577226985
-0.17426166924151065,2.380752026151619,-0.17593173895505387
-0.17426166924151065,2.380752026151619,-0.17593173895505387
-0.17426166924151065,2.380752026151619,-0.17593173895505387
-0.17426166924151065,2.380752026151619,-0.17593173895505387
-0.17426166924151065,2.380752026151619,-0.17593173895505387
-0.13593145334929702,0.8228933141723527,0.12669424453397227
-0.13593145334929702,0.8228933141723527,0.12669424453397227
-0.13593145334929702,0.8228933141723527,0.12669424453397227
-0.13593145334929702,0.8228933141723527,0.12669424453397227
-0.13593145334929702,0.8228933141723527,0.12669424453397227
0.11058208167960704,0.5446990453418135,0.39468371246242917
0.11058208167960704,0.5446990453418135,0.39468371246242917
0.11058208167960704,0.5446990453418135,0.39468371246242917
0.11058208167960704,0.5446990453418135,0.39468371246242917
0.11058208167960704,0.5446990453418135,0.39468371246242917
0.2346108223929413,-0.7461765139766623,0.22561529362932298
0.2346108223929413,-0.7461765139766623,0.22561529362932298
0.2346108223929413,-0.7461765139766623,0.22561529362932298
0.2346108223929413,-0.7461765139766623,0.22561529362932298
0.2346108223929413,-0.7461765139766623,0.22561529362932298
0.042795842174644605,-0.6159525439136289,0.16485157074846946
0.042795842174644605,-0.6159525439136289,0.16485157074846946
0.042795842174644605,-0.6159525439136289,0.16485157074846946
0.042795842174644605,-0.6159525439136289,0.16485157074846946
0.042795842174644605,-0.6159525439136289,0.16485157074846946
-0.030124473305403576,1.5036348095420582,-0.1358832539842556
-0.030124473305403576,1.5036348095420582,-0.1358832539842556
-0.030124473305403576,1.5036348095420582,-0.1358832539842556
-0.030124473305403576,1.5036348095420582,-0.1358832539842556
-0.030124473305403576,1.5036348095420582,-0.1358832539842556
-0.3091958008314144,-1.946642326743957,-0.08381779332985317
-0.3091958008314144,-1.946642326743957,-0.08381779332985317
-0.3091958008314144,-1.946642326743957,-0.08381779332985317
-0.3091958008314144,-1.946642326743957,-0.08381779332985317
-0.3091958008314144,-1.946642326743957,-0.08381779332985317
-0.11697805295720709,1.403355061803376,-0.12311854868899808
-0.11697805295720709,1.403355061803376,-0.12311854868899808
-0.11697805295720709,1.403355061803376,-0.12311854868899808
-0.11697805295720709,1.403355061803376,-0.12311854868899808
-0.11697805295720709,1.403355061803376,-0.12311854868899808
0.13826746335818907,-0.16428903170137232,0.05847506908145306
0.13826746335818907,-0.16428903170137232,0.05847506908145306
0.13826746335818907,-0.16428903170137232,0.05847506908145306
0.13826746335818907,-0.16428903170137232,0.05847506908145306
0.13826746335818907,-0.16428903170137232,0.05847506908145306
-0.05359734239153635,-1.0893897753970574,-0.01616895876968094
-0.05359734239153635,-1.0893897753970574,-0.01616895876968094
-0.05359734239153635,-1.0893897753970574,-0.01616895876968094
-0.05359734239153635,-1.0893897753970574,-0.01616895876968094
-0.05359734239153635,-1.0893897753970574,-0.01616895876968094
0.12080160368981652,0.18575423323523843,0.009465090122226627
0.12080160368981652,0.18575423323523843,0.009465090122226627
0.12080160368981652,0.18575423323523843,0.009465090122226627
0.12080160368981652,0.18575423323523843,0.009465090122226627
0.12080160368981652,0.18575423323523843,0.009465090122226627
0.09731314997017027,0.111021690814745,0.18034933976779222
0.09731314997017027,0.111021690814745,0.18034933976779222
0.09731314997017027,0.111021690814745,0.18034933976779222
0.09731314997017027,0.111021690814745,0.18034933976779222
0.09731314997017027,0.111021690814745,0.18034933976779222
-0.00045958943935175967,0.0569133759221323,0.29003479701369805
-0.00045958943935175967,0.0569133759221323,0.29003479701369805
-0.00045958943935175967,0.0569133759221323,0.29003479701369805
-0.00045958943935175967,0.0569133759221323,0.29003479701369805
-0.00045958943935175967,0.0569133759221323,0.29003479701369805
-0.017592812186275175,0.34259884674073326,0.2291716477862753
-0.017592812186275175,0.34259884674073326,0.2291716477862753
-0.017592812186275175,0.34259884674073326,0.2291716477862753
-0.017592812186275175,0.34259884674073326,0.2291716477862753
-0.017592812186275175,0.34259884674073326,0.2291716477862753
-0.1502558801081575,0.08383809259268382,0.09268759307048491
-0.1502558801081575,0.08383809259268382,0.09268759307048491
-0.1502558801081575,0.08383809259268382,0.09268759307048491
-0.1502558801081575,0.08383809259268382,0.09268759307048491
-0.1502558801081575,0.08383809259268382,0.09268759307048491
-0.10348864529635282,-0.023788908702643496,-0.0038223805258752463
-0.10348864529635282,-0.023788908702643496,-0.0038223805258752463
-0.10348864529635282,-0.023788908702643496,-0.0038223805258752463
-0.10348864529635282,-0.023788908702643496,-0.0038223805258752463
-0.10348864529635282,-0.023788908702643496,-0.0038223805258752463
0.014898304674679785,0.3800192421905422,0.1629934280949641
0.014898304674679785,0.3800192421905422,0.1629934280949641
0.014898304674679785,0.3800192421905422,0.1629934280949641
0.014898304674679785,0.3800192421905422,0.1629934280949641
0.014898304674679785,0.3800192421905422,0.1629934280949641
-0.011582692957166074,-1.2921678103392065,-0.13309057066132723
-0.011582692957166074,-1.2921678103392065,-0.13309057066132723
-0.011582692957166074,-1.2921678103392065,-0.13309057066132723
-0.011582692957166074,-1.2921678103392065,-0.13309057066132723
-0.011582692957166074,-1.2921678103392065,-0.13309057066132723
-0.028212454154763478,0.20260662240670335,-0.02378936507152929
-0.028212454154763478,0.20260662240670335,-0.02378936507152929
-0.028212454154763478,0.20260662240670335,-0.02378936507152929
-0.028212454154763478,0.20260662240670335,-0.02378936507152929
-0.028212454154763478,0.20260662240670335,-0.02378936507152929
0.04749543266478451,0.7909387039672833,-0.026777942378506836
0.04749543266478451,0.7909387039672833,-0.026777942378506836
0.04749543266478451,0.7909387039672833,-0.026777942378506836
0.04749543266478451,0.7909387039672833,-0.026777942378506836
0.04749543266478451,0.7909387039672833,-0.026777942378506836
-0.10601745133345553,0.7816604083558669,-0.22106684051732906
-0.10601745133345553,0.7816604083558669,-0.22106684051732906
-0.10601745133345553,0.7816604083558669,-0.22106684051732906
-0.10601745133345553,0.7816604083558669,-0.22106684051732906
-0.10601745133345553,0.7816604083558669,-0.22106684051732906
-0.021763619658437428,-0.9522681174658345,-0.010209262990539258
-0.021763619658437428,-0.9522681174658345,-0.010209262990539258
-0.021763619658437428,-0.9522681174658345,-0.010209262990539258
-0.021763619658437428,-0.9522681174658345,-0.010209262990539258
-0.021763619658437428,-0.9522681174658345,-0.010209262990539258
0.10185981635372876,-0.05297783904608622,0.032868541978018584
0.10185981635372876,-0.05297783904608622,0.032868541978018584
0.10185981635372876,-0.05297783904608622,0.032868541978018584
0.10185981635372876,-0.05297783904608622,0.032868541978018584
0.10185981635372876,-0.05297783904608622,0.032868541978018584
0.32323323263872794,0.39226904637746074,-0.07539924209779691
0.32323323263872794,0.39226904637746074,-0.07539924209779691
0.32323323263872794,0.39226904637746074,-0.07539924209779691
0.32323323263872794,0.39226904637746074,-0.07539924209779691
0.32323323263872794,0.39226904637746074,-0.07539924209779691
0.07273180624915287,-0.2528333307310451,-0.19183262006892932
0.07273180624915287,-0.2528333307310451,-0.19183262006892932
0.07273180624915287,-0.2528333307310451,-0.19183262006892932
0.07273180624915287,-0.2528333307310451,-0.19183262006892932
0.07273180624915287,-0.2528333307310451,-0.19183262006892932
0.22779219909569548,-0.1125753048547562,0.07499870335642633
0.22779219909569548,-0.1125753048547562,0.07499870335642633
0.22779219909569548,-0.1125753048547562,0.07499870335642633
0.22779219909569548,-0.1125753048547562,0.07499870335642633
0.22779219909569548,-0.1125753048547562,0.07499870335642633
0.09964826926625037,0.31872293610059543,0.24686648107923226
0.09964826926625037,0.31872293610059543,0.24686648107923226
0.09964826926625037,0.31872293610059543,0.24686648107923226
0.09964826926625037,0.31872293610059543,0.24686648107923226
0.09964826926625037,0.31872293610059543,0.24686648107923226
0.09974829173620847,0.7549165956373045,0.08316662446932277
0.09974829173620847,0.7549165956373045,0.08316662446932277
0.09974829173620847,0.7549165956373045,0.08316662446932277
0.09974829173620847,0.7549165956373045,0.08316662446932277
0.09974829173620847,0.7549165956373045,0.08316662446932277
0.05480947248526746,-0.787747148787215,-0.055820984398664564
0.05480947248526746,-0.787747148787215,-0.055820984398664564
0.05480947248526746,-0.787747148787215,-0.055820984398664564
0.05480947248526746,-0.787747148787215,-0.055820984398664564
0.05480947248526746,-0.787747148787215,-0.055820984398664564
0.0663144857280571,0.14981932642583118,-0.13796186141235012
0.0663144857280571,0.14981932642583118,-0.13796186141235012
0.0663144857280571,0.14981932642583118,-0.13796186141235012
0.0663144857280571,0.14981932642583118,-0.13796186141235012
0.0663144857280571,0.14981932642583118,-0.13796186141235012
0.1436535648265318,0.16911498629744415,0.020995056636337495
0.1436535648265318,0.16911498629744415,0.020995056636337495
0.1436535648265318,0.16911498629744415,0.020995056636337495
0.1436535648265318,0.16911498629744415,0.020995056636337495
0.1436535648265318,0.16911498629744415,0.020995056636337495
-0.24318561976662245,0.09227931449320437,0.0005787061608071298
-0.24318561976662245,0.09227931449320437,0.0005787061608071298
-0.24318561976662245,0.09227931449320437,0.0005787061608071298
-0.24318561976662245,0.09227931449320437,0.0005787061608071298
-0.24318561976662245,0.09227931449320437,0.0005787061608071298
-0.05102980714853178,0.5220233037275079,-0.0023283086009762144
-0.05102980714853178,0.5220233037275079,-0.0023283086009762144
-0.05102980714853178,0.5220233037275079,-0.0023283086009762144
-0.05102980714853178,0.5220233037275079,-0.0023283086009762144
-0.05102980714853178,0.5220233037275079,-0.0023283086009762144
-0.05082566505036823,-0.4825513104955377,-0.2236294162213035
-0.05082566505036823,-0.4825513104955377,-0.2236294162213035
-0.05082566505036823,-0.4825513104955377,-0.2236294162213035
-0.05082566505036823,-0.4825513104955377,-0.2236294162213035
-0.05082566505036823,-0.4825513104955377,-0.2236294162213035
0.03281999759225318,-0.9217418717819879,0.07060392532375737
0.03281999759225318,-0.9217418717819879,0.07060392532375737
0.03281999759225318,-0.9217418717819879,0.07060392532375737
0.03281999759225318,-0.9217418717819879,0.07060392532375737
0.03281999759225318,-0.9217418717819879,0.07060392532375737
0.1100687547207988,1.2369712562138524,0.09794981381194034
0.1100687547207988,1.2369712562138524,0.09794981381194034
0.1100687547207988,1.2369712562138524,0.09794981381194034
0.1100687547207988,1.2369712562138524,0.09794981381194034
0.1100687547207988,1.2369712562138524,0.09794981381194034
0.12031809442254726,0.30893207317012816,0.08016392240009118
0.12031809442254726,0.30893207317012816,0.08016392240009118
0.12031809442254726,0.30893207317012816,0.08016392240009118
0.12031809442254726,0.30893207317012816,0.08016392240009118
0.12031809442254726,0.30893207317012816,0.08016392240009118
-0.08745971166519428,-0.444630427676012,0.033553911424110794
-0.08745971166519428,-0.444630427676012,0.033553911424110794
-0.08745971166519428,-0.444630427676012,0.033553911424110794
-0.08745971166519428,-0.444630427676012,0.033553911424110794
-0.08745971166519428,-0.444630427676012,0.033553911424110794
-0.0020406253366749283,0.6593190798705191,-0.025161374239687007
-0.0020406253366749283,0.6593190798705191,-0.025161374239687007
-0.0020406253366749283,0.6593190798705191,-0.025161374239687007
-0.0020406253366749283,0.6593190798705191,-0.025161374239687007
-0.0020406253366749283,0.6593190798705191,-0.025161374239687007
0.19718413857860462,-0.3223195669897887,-0.04029690062946045
0.19718413857860462,-0.3223195669897887,-0.04029690062946045
0.19718413857860462,-0.3223195669897887,-0.04029690062946045
0.19718413857860462,-0.3223195669897887,-0.04029690062946045
0.19718413857860462,-0.3223195669897887,-0.04029690062946045
0.110870058244954,0.36542241752678883,0.049661471172044
0.110870058244954,0.36542241752678883,0.049661471172044
0.110870058244954,0.36542241752678883,0.049661471172044
0.110870058244954,0.36542241752678883,0.049661471172044
0.110870058244954,0.36542241752678883,0.049661471172044
0.011563776334936549,-0.5704512891100144,0.07191566929090065
0.011563776334936549,-0.5704512891100144,0.07191566929090065
0.011563776334936549,-0.5704512891100144,0.07191566929090065
0.011563776334936549,-0.5704512891100144,0.07191566929090065
0.011563776334936549,-0.5704512891100144,0.07191566929090065
-0.09627315779586532,0.5109412429041758,0.048464573058215166
-0.09627315779586532,0.5109412429041758,0.048464573058215166
-0.09627315779586532,0.5109412429041758,0.048464573058215166
-0.09627315779586532,0.5109412429041758,0.048464573058215166
-0.09627315779586532,0.5109412429041758,0.048464573058215166
-0.03179322597555334,0.6093256581967399,0.07057496673854402
-0.03179322597555334,0.6093256581967399,0.07057496673854402
-0.03179322597555334,0.6093256581967399,0.07057496673854402
-0.03179322597555334,0.6093256581967399,0.07057496673854402
-0.03179322597555334,0.6093256581967399,0.07057496673854402
0.00473240913468409,-0.8211621143548022,-0.1540501811554229
0.00473240913468409,-0.8211621143548022,-0.1540501811554229
0.00473240913468409,-0.8211621143548022,-0.1540501811554229
0.00473240913468409,-0.8211621143548022,-0.1540501811554229
0.00473240913468409,-0.8211621143548022,-0.1540501811554229
-0.21787143730900826,0.379449069360998,-0.1406910799088692
-0.21787143730900826,0.379449069360998,-0.1406910799088692
-0.21787143730900826,0.379449069360998,-0.1406910799088692
-0.21787143730900826,0.379449069360998,-0.1406910799088692
-0.21787143730900826,0.379449069360998,-0.1406910799088692
-0.19395573523508514,0.12993709453172642,-0.19955209036564092
-0.19395573523508514,0.12993709453172642,-0.19955209036564092
-0.19395573523508514,0.12993709453172642,-0.19955209036564092
-0.19395573523508514,0.12993709453172642,-0.19955209036564092
-0.19395573523508514,0.12993709453172642,-0.19955209036564092
-0.12630597681919298,0.04232615733528888,0.25439245935365484
-0.12630597681919298,0.04232615733528888,0.25439245935365484
-0.12630597681919298,0.04232615733528888,0.25439245935365484
-0.12630597681919298,0.04232615733528888,0.25439245935365484
-0.12630597681919298,0.04232615733528888,0.25439245935365484
-0.0008209996608981029,-0.28126048150828886,0.0865143351069868
-0.0008209996608981029,-0.28126048150828886,0.0865143351069868
-0.0008209996608981029,-0.28126048150828886,0.0865143351069868
-0.0008209996608981029,-0.28126048150828886,0.0865143351069868
-0.0008209996608981029,-0.28126048150828886,0.0865143351069868
-0.2825272149847704,-0.35883862314200243,-0.06128428762358418
-0.2825272149847704,-0.35883862314200243,-0.06128428762358418
-0.2825272149847704,-0.35883862314200243,-0.06128428762358418
-0.2825272149847704,-0.35883862314200243,-0.06128428762358418
-0.2825272149847704,-0.35883862314200243,-0.06128428762358418
-0.10245852578668213,1.6825182832558614,0.0202920909095603
-0.10245852578668213,1.6825182832558614,0.0202920909095603
-0.10245852578668213,1.6825182832558614,0.0202920909095603
-0.10245852578668213,1.6825182832558614,0.0202920909095603
-0.10245852578668213,1.6825182832558614,0.0202920909095603
0.0958155253447357,-0.262435297527972,0.1981016568767604
0.0958155253447357,-0.262435297527972,0.1981016568767604
0.0958155253447357,-0.262435297527972,0.1981016568767604
0.0958155253447357,-0.262435297527972,0.1981016568767604
0.0958155253447357,-0.262435297527972,0.1981016568767604
0.05720281857872589,-0.936135338058854,-0.05092059991273068
0.05720281857872589,-0.936135338058854,-0.05092059991273068
0.05720281857872589,-0.936135338058854,-0.05092059991273068
0.05720281857872589,-0.936135338058854,-0.05092059991273068
0.05720281857872589,-0.936135338058854,-0.05092059991273068
0.05520146421350258,-0.39812290971132747,0.02533127159323456
0.05520146421350258,-0.39812290971132747,0.02533127159323456
0.05520146421350258,-0.39812290971132747,0.02533127159323456
0.05520146421350258,-0.39812290971132747,0.02533127159323456
0.05520146421350258,-0.39812290971132747,0.02533127159323456
0.11099497079397747,0.10610058751233176,-0.05102594888381162
0.11099497079397747,0.10610058751233176,-0.05102594888381162
0.11099497079397747,0.10610058751233176,-0.05102594888381162
0.11099497079397747,0.10610058751233176,-0.05102594888381162
0.11099497079397747,0.10610058751233176,-0.05102594888381162
-0.08229290653792987,0.42805940036371837,0.08080196069958667
-0.08229290653792987,0.42805940036371837,0.08080196069958667
-0.08229290653792987,0.42805940036371837,0.08080196069958667
-0.08229290653792987,0.42805940036371837,0.08080196069958667
-0.08229290653792987,0.42805940036371837,0.08080196069958667
0.21218332927765182,-0.5939425924289718,0.11746514866334756
0.21218332927765182,-0.5939425924289718,0.11746514866334756
0.21218332927765182,-0.5939425924289718,0.11746514866334756
0.21218332927765182,-0.5939425924289718,0.11746514866334756
0.21218332927765182,-0.5939425924289718,0.11746514866334756
0.08022662219760957,0.15492152623497013,-0.11765309559532788
0.08022662219760957,0.15492152623497013,-0.11765309559532788
0.08022662219760957,0.15492152623497013,-0.11765309559532788
0.08022662219760957,0.15492152623497013,-0.11765309559532788
0.08022662219760957,0.15492152623497013,-0.11765309559532788
-0.04075537612747482,-0.23436483650937312,-0.07889346955501253
-0.04075537612747482,-0.23436483650937312,-0.07889346955501253
-0.04075537612747482,-0.23436483650937312,-0.07889346955501253
-0.04075537612747482,-0.23436483650937312,-0.07889346955501253
-0.04075537612747482,-0.23436483650937312,-0.07889346955501253
-0.149511660232732,0.7599037091172107,-0.08261361881534768
-0.149511660232732,0.7599037091172107,-0.08261361881534768
-0.149511660232732,0.7599037091172107,-0.08261361881534768
-0.149511660232732,0.7599037091172107,-0.08261361881534768
-0.149511660232732,0.7599037091172107,-0.08261361881534768
-0.05162604191752873,-0.250699897836105,0.01136506725097064
-0.05162604191752873,-0.250699897836105,0.01136506725097064
-0.05162604191752873,-0.250699897836105,0.01136506725097064
-0.05162604191752873,-0.250699897836105,0.01136506725097064
-0.05162604191752873,-0.250699897836105,0.01136506725097064
-0.07844011812461993,-0.47337914771432565,0.22231158725737465
-0.07844011812461993,-0.47337914771432565,0.22231158725737465
-0.07844011812461993,-0.47337914771432565,0.22231158725737465
-0.07844011812461993,-0.47337914771432565,0.22231158725737465
-0.07844011812461993,-0.47337914771432565,0.22231158725737465
0.06494054835136875,0.048908298789102744,0.34905184312216697
0.06494054835136875,0.048908298789102744,0.34905184312216697
0.06494054835136875,0.048908298789102744,0.34905184312216697
0.06494054835136875,0.048908298789102744,0.34905184312216697
0.06494054835136875,0.048908298789102744,0.34905184312216697
0.019604764440082967,-0.6166538751007131,0.17688151338000502
0.019604764440082967,-0.6166538751007131,0.17688151338000502
0.019604764440082967,-0.6166538751007131,0.17688151338000502
0.019604764440082967,-0.6166538751007131,0.17688151338000502
0.019604764440082967,-0.6166538751007131,0.17688151338000502
0.1499886796790335,0.2507610386220964,0.0984915055857769
0.1499886796790335,0.2507610386220964,0.0984915055857769
0.1499886796790335,0.2507610386220964,0.0984915055857769
0.1499886796790335,0.2507610386220964,0.0984915055857769
0.1499886796790335,0.2507610386220964,0.0984915055857769
-0.14150869430242796,0.0956398952881834,0.12325906788379193
-0.14150869430242796,0.0956398952881834,0.12325906788379193
-0.14150869430242796,0.0956398952881834,0.12325906788379193
-0.14150869430242796,0.0956398952881834,0.12325906788379193
-0.14150869430242796,0.0956398952881834,0.12325906788379193
-0.06089361305082264,0.6524137014962061,-0.059833554305232184
-0.06089361305082264,0.6524137014962061,-0.059833554305232184
-0.06089361305082264,0.6524137014962061,-0.059833554305232184
-0.06089361305082264,0.6524137014962061,-0.059833554305232184
-0.06089361305082264,0.6524137014962061,-0.059833554305232184
-0.09477916834899602,-0.8893998790539026,-0.06571752889899507
-0.09477916834899602,-0.8893998790539026,-0.06571752889899507
-0.09477916834899602,-0.8893998790539026,-0.06571752889899507
-0.09477916834899602,-0.8893998790539026,-0.06571752889899507
-0.09477916834899602,-0.8893998790539026,-0.06571752889899507
-0.19521319930967085,0.3882666745249992,0.1259520221771968
-0.19521319930967085,0.3882666745249992,0.1259520221771968
-0.19521319930967085,0.3882666745249992,0.1259520221771968
-0.19521319930967085,0.3882666745249992,0.1259520221771968
-0.19521319930967085,0.3882666745249992,0.1259520221771968
-0.05156741266557585,0.562274985932584,-0.04088439804109001
-0.05156741266557585,0.562274985932584,-0.04088439804109001
-0.05156741266557585,0.562274985932584,-0.04088439804109001
-0.05156741266557585,0.562274985932584,-0.04088439804109001
-0.05156741266557585,0.562274985932584,-0.04088439804109001
0.027754031168860216,-0.9523213635746242,-0.015904997071707783
0.027754031168860216,-0.9523213635746242,-0.015904997071707783
0.027754031168860216,-0.9523213635746242,-0.015904997071707783
0.027754031168860216,-0.9523213635746242,-0.015904997071707783
0.027754031168860216,-0.9523213635746242,-0.015904997071707783
0.2148387495134445,1.167370535925679,-0.01916181462973654
0.2148387495134445,1.167370535925679,-0.01916181462973654
0.2148387495134445,1.167370535925679,-0.01916181462973654
0.2148387495134445,1.167370535925679,-0.01916181462973654
0.2148387495134445,1.167370535925679,-0.01916181462973654
0.0962673668245051,-0.9713165467355349,-0.21049323768976613
0.0962673668245051,-0.9713165467355349,-0.21049323768976613
0.0962673668245051,-0.9713165467355349,-0.21049323768976613
0.0962673668245051,-0.9713165467355349,-0.21049323768976613
0.0962673668245051,-0.9713165467355349,-0.21049323768976613
0.045402060275557155,-0.6730767048956388,-0.34133287893047637
0.045402060275557155,-0.6730767048956388,-0.34133287893047637
0.045402060275557155,-0.6730767048956388,-0.34133287893047637
0.045402060275557155,-0.6730767048956388,-0.34133287893047637
0.045402060275557155,-0.6730767048956388,-0.34133287893047637
0.018071556886768647,0.4981378299134249,-0.07202555299166669
0.018071556886768647,0.4981378299134249,-0.07202555299166669
0.018071556886768647,0.4981378299134249,-0.07202555299166669
0.018071556886768647,0.4981378299134249,-0.07202555299166669
0.018071556886768647,0.4981378299134249,-0.07202555299166669
-0.10659442008092412,-0.34255931327505884,-0.13672850111460555
-0.10659442008092412,-0.34255931327505884,-0.13672850111460555
-0.10659442008092412,-0.34255931327505884,-0.13672850111460555
-0.10659442008092412,-0.34255931327505884,-0.13672850111460555
-0.10659442008092412,-0.34255931327505884,-0.13672850111460555
-0.07828092910870676,0.12466218180174238,0.07263799223727574
-0.07828092910870676,0.12466218180174238,0.07263799223727574
-0.07828092910870676,0.12466218180174238,0.07263799223727574
-0.07828092910870676,0.12466218180174238,0.07263799223727574
-0.07828092910870676,0.12466218180174238,0.07263799223727574
-0.22154011024028453,0.3732682596088992,-0.19544873679437558
-0.22154011024028453,0.3732682596088992,-0.19544873679437558
-0.22154011024028453,0.3732682596088992,-0.19544873679437558
-0.22154011024028453,0.3732682596088992,-0.19544873679437558
-0.22154011024028453,0.3732682596088992,-0.19544873679437558
-0.08346325732550852,-0.873483045096112,-0.05058464111123051
-0.08346325732550852,-0.873483045096112,-0.05058464111123051
-0.08346325732550852,-0.873483045096112,-0.05058464111123051
-0.08346325732550852,-0.873483045096112,-0.05058464111123051
-0.08346325732550852,-0.873483045096112,-0.05058464111123051
-0.06620735187116189,0.1749540849026765,-0.24502623219100172
-0.06620735187116189,0.1749540849026765,-0.24502623219100172
-0.06620735187116189,0.1749540849026765,-0.24502623219100172
-0.06620735187116189,0.1749540849026765,-0.24502623219100172
-0.06620735187116189,0.1749540849026765,-0.24502623219100172
0.0006634958968128046,-0.14023484713525391,-0.09010550402704176
0.0006634958968128046,-0.14023484713525391,-0.09010550402704176
0.0006634958968128046,-0.14023484713525391,-0.09010550402704176
0.0006634958968128046,-0.14023484713525391,-0.09010550402704176
0.0006634958968128046,-0.14023484713525391,-0.09010550402704176
0.06575093475950133,0.304901486006365,0.06974522598200217
0.06575093475950133,0.304901486006365,0.06974522598200217
0.06575093475950133,0.304901486006365,0.06974522598200217
0.06575093475950133,0.304901486006365,0.06974522598200217
0.06575093475950133,0.304901486006365,0.06974522598200217
-0.030169717979918076,-0.14755657209157036,0.11803567441914709
-0.030169717979918076,-0.14755657209157036,0.11803567441914709
-0.030169717979918076,-0.14755657209157036,0.11803567441914709
-0.030169717979918076,-0.14755657209157036,0.11803567441914709
-0.030169717979918076,-0.14755657209157036,0.11803567441914709
0.01583620870751279,-0.6853249794166487,0.15529114695066148
0.01583620870751279,-0.6853249794166487,0.15529114695066148
0.01583620870751279,-0.6853249794166487,0.15529114695066148
0.01583620870751279,-0.6853249794166487,0.15529114695066148
0.01583620870751279,-0.6853249794166487,0.15529114695066148
0.20911414610026569,-0.3805247956835256,0.07599628371502831
0.20911414610026569,-0.3805247956835256,0.07599628371502831
0.20911414610026569,-0.3805247956835256,0.07599628371502831
0.20911414610026569,-0.3805247956835256,0.07599628371502831
0.20911414610026569,-0.3805247956835256,0.07599628371502831
-0.06455041917982651,0.5635932609342049,0.04355896591444086
-0.06455041917982651,0.5635932609342049,0.04355896591444086
-0.06455041917982651,0.5635932609342049,0.04355896591444086
-0.06455041917982651,0.5635932609342049,0.04355896591444086
-0.06455041917982651,0.5635932609342049,0.04355896591444086
0.20887880802019776,-1.0872492407865604,0.08108783937004738
0.20887880802019776,-1.0872492407865604,0.08108783937004738
0.20887880802019776,-1.0872492407865604,0.08108783937004738
0.20887880802019776,-1.0872492407865604,0.08108783937004738
0.20887880802019776,-1.0872492407865604,0.08108783937004738
0.10653987440408574,0.28722716697218864,0.10723821362578079
0.10653987440408574,0.28722716697218864,0.10723821362578079
0.10653987440408574,0.28722716697218864,0.10723821362578079
0.10653987440408574,0.28722716697218864,0.10723821362578079
0.10653987440408574,0.28722716697218864,0.10723821362578079
0.07472294199085905,-0.5314140000219343,0.27814193302378953
0.07472294199085905,-0.5314140000219343,0.27814193302378953
0.07472294199085905,-0.5314140000219343,0.27814193302378953
0.07472294199085905,-0.5314140000219343,0.27814193302378953
0.07472294199085905,-0.5314140000219343,0.27814193302378953
-0.03435817530567853,0.339710042328111,0.10175991542754481
-0.03435817530567853,0.339710042328111,0.10175991542754481
-0.03435817530567853,0.339710042328111,0.10175991542754481
-0.03435817530567853,0.339710042328111,0.10175991542754481
-0.03435817530567853,0.339710042328111,0.10175991542754481
0.06364277294549847,0.3699890841350566,0.10140769958727702
0.06364277294549847,0.3699890841350566,0.10140769958727702
0.06364277294549847,0.3699890841350566,0.10140769958727702
0.06364277294549847,0.3699890841350566,0.10140769958727702
0.06364277294549847,0.3699890841350566,0.10140769958727702
0.09332522673630095,0.17418481808629416,0.1314775139683544
0.09332522673630095,0.17418481808629416,0.1314775139683544
0.09332522673630095,0.17418481808629416,0.1314775139683544
0.09332522673630095,0.17418481808629416,0.1314775139683544
0.09332522673630095,0.17418481808629416,0.1314775139683544
-0.12018770406735513,-0.1626914841987137,0.20725581283504013
-0.12018770406735513,-0.1626914841987137,0.20725581283504013
-0.12018770406735513,-0.1626914841987137,0.20725581283504013
-0.12018770406735513,-0.1626914841987137,0.20725581283504013
-0.12018770406735513,-0.1626914841987137,0.20725581283504013
0.015548620091357712,-0.5292799976425986,-0.04471152067942086
0.015548620091357712,-0.5292799976425986,-0.04471152067942086
0.015548620091357712,-0.5292799976425986,-0.04471152067942086
0.015548620091357712,-0.5292799976425986,-0.04471152067942086
0.015548620091357712,-0.5292799976425986,-0.04471152067942086
-0.20331821255366744,0.7332532324029426,-0.061880270484847344
-0.20331821255366744,0.7332532324029426,-0.061880270484847344
-0.20331821255366744,0.7332532324029426,-0.061880270484847344
-0.20331821255366744,0.7332532324029426,-0.061880270484847344
-0.20331821255366744,0.7332532324029426,-0.061880270484847344
-0.10325503199935859,0.08734657061623174,-0.048740785722763746
-0.10325503199935859,0.08734657061623174,-0.048740785722763746
-0.10325503199935859,0.08734657061623174,-0.048740785722763746
-0.10325503199935859,0.08734657061623174,-0.048740785722763746
-0.10325503199935859,0.08734657061623174,-0.048740785722763746
-0.08567873249676161,-0.4007945988207382,-0.04530033940280909
-0.08567873249676161,-0.4007945988207382,-0.04530033940280909
-0.08567873249676161,-0.4007945988207382,-0.04530033940280909
-0.08567873249676161,-0.4007945988207382,-0.04530033940280909
-0.08567873249676161,-0.4007945988207382,-0.04530033940280909
-0.21095195545605705,0.39580879026824434,-0.042935788398370534
-0.21095195545605705,0.39580879026824434,-0.042935788398370534
-0.21095195545605705,0.39580879026824434,-0.042935788398370534
-0.21095195545605705,0.39580879026824434,-0.042935788398370534
-0.21095195545605705,0.39580879026824434,-0.042935788398370534
-0.12917036718739627,0.8091842041935013,-0.17874553180761232
-0.12917036718739627,0.8091842041935013,-0.17874553180761232
-0.12917036718739627,0.8091842041935013,-0.17874553180761232
-0.12917036718739627,0.8091842041935013,-0.17874553180761232
-0.12917036718739627,0.8091842041935013,-0.17874553180761232
-0.020074172876078933,0.03606020508818908,0.006613725929579317
-0.020074172876078933,0.03606020508818908,0.006613725929579317
-0.020074172876078933,0.03606020508818908,0.006613725929579317
-0.020074172876078933,0.03606020508818908,0.006613725929579317
-0.020074172876078933,0.03606020508818908,0.006613725929579317
-0.051333079958304495,-0.13889731757841517,-0.12671998883360658
-0.051333079958304495,-0.13889731757841517,-0.12671998883360658
-0.051333079958304495,-0.13889731757841517,-0.12671998883360658
-0.051333079958304495,-0.13889731757841517,-0.12671998883360658
-0.051333079958304495,-0.13889731757841517,-0.12671998883360658
-0.1846888904810875,0.15929007272748308,-0.004778416696847643
-0.1846888904810875,0.15929007272748308,-0.004778416696847643
-0.1846888904810875,0.15929007272748308,-0.004778416696847643
-0.1846888904810875,0.15929007272748308,-0.004778416696847643
-0.1846888904810875,0.15929007272748308,-0.004778416696847643
3.5,0.11099922453419886,-0.15617393145633862
3.5,0.11099922453419886,-0.15617393145633862
3.5,0.11099922453419886,-0.15617393145633862
3.5,0.11099922453419886,-0.15617393145633862
3.5,0.11099922453419886,-0.15617393145633862
3.5,0.739840088967286,-0.15877798438837054
3.5,0.739840088967286,-0.15877798438837054
3.5,0.739840088967286,-0.15877798438837054
3.5,0.739840088967286,-0.15877798438837054
3.5,0.739840088967286,-0.15877798438837054
3.5,3.0167837107128292,0.03458161437117546
3.5,3.0167837107128292,0.03458161437117546
3.5,3.0167837107128292,0.03458161437117546
3.5,3.0167837107128292,0.03458161437117546
3.5,3.0167837107128292,0.03458161437117546
3.5,2.049723726276884,0.14250635817117896
3.5,2.049723726276884,0.14250635817117896
3.5,2.049723726276884,0.14250635817117896
3.5,2.049723726276884,0.14250635817117896
3.5,2.049723726276884,0.14250635817117896
3.5,2.4845964711954167,0.11386363269584088
3.5,2.4845964711954167,0.11386363269584088
3.5,2.4845964711954167,0.11386363269584088
3.5,2.4845964711954167,0.11386363269584088
3.5,2.4845964711954167,0.11386363269584088
3.5,2.155335782011754,-0.07124474163740047
3.5,2.155335782011754,-0.07124474163740047
3.5,2.155335782011754,-0.07124474163740047
3.5,2.155335782011754,-0.07124474163740047
3.5,2.155335782011754,-0.07124474163740047
3.5,3.5,0.18137797010680856
3.5,3.5,0.18137797010680856
3.5,3.5,0.18137797010680856
3.5,3.5,0.18137797010680856
3.5,3.5,0.18137797010680856
1.514158785402099,2.852109309949924,-0.026266530361494844
1.514158785402099,2.852109309949924,-0.026266530361494844
1.514158785402099,2.852109309949924,-0.026266530361494844
1.514158785402099,2.852109309949924,-0.026266530361494844
1.514158785402099,2.852109309949924,-0.026266530361494844
0.3485430344696425,3.5,-0.10622527584532016
0.3485430344696425,3.5,-0.10622527584532016
0.3485430344696425,3.5,-0.10622527584532016
0.3485430344696425,3.5,-0.10622527584532016
0.3485430344696425,3.5,-0.10622527584532016
0.11600499669328102,3.5,-0.2576850470593257
0.11600499669328102,3.5,-0.2576850470593257
0.11600499669328102,3.5,-0.2576850470593257
0.11600499669328102,3.5,-0.2576850470593257
0.11600499669328102,3.5,-0.2576850470593257
0.16456738371897828,2.38078282757359,-0.05599463523828696
0.16456738371897828,2.38078282757359,-0.05599463523828696
0.16456738371897828,2.38078282757359,-0.05599463523828696
0.16456738371897828,2.38078282757359,-0.05599463523828696
0.16456738371897828,2.38078282757359,-0.05599463523828696
0.08394069033743179,-1.2487306950230703,0.037125283290299294
0.08394069033743179,-1.2487306950230703,0.037125283290299294
0.08394069033743179,-1.2487306950230703,0.037125283290299294
0.08394069033743179,-1.2487306950230703,0.037125283290299294
0.08394069033743179,-1.2487306950230703,0.037125283290299294
-0.08470875464749028,2.9504798363673927,-0.13745908783613636
-0.08470875464749028,2.9504798363673927,-0.13745908783613636
-0.08470875464749028,2.9504798363673927,-0.13745908783613636
-0.08470875464749028,2.9504798363673927,-0.13745908783613636
-0.08470875464749028,2.9504798363673927,-0.13745908783613636
0.006289012821909523,-1.0017444316875341,-0.22893855565525456
0.006289012821909523,-1.0017444316875341,-0.22893855565525456
0.006289012821909523,-1.0017444316875341,-0.22893855565525456
0.006289012821909523,-1.0017444316875341,-0.22893855565525456
0.006289012821909523,-1.0017444316875341,-0.22893855565525456
0.14973818313036702,-0.7977027366394367,-0.05781495221225974
0.14973818313036702,-0.7977027366394367,-0.05781495221225974
0.14973818313036702,-0.7977027366394367,-0.05781495221225974
0.14973818313036702,-0.7977027366394367,-0.05781495221225974
0.14973818313036702,-0.7977027366394367,-0.05781495221225974
0.011990339857323562,2.2125925743253916,-0.13791052788856462
0.011990339857323562,2.2125925743253916,-0.13791052788856462
0.011990339857323562,2.2125925743253916,-0.13791052788856462
0.011990339857323562,2.2125925743253916,-0.13791052788856462
0.011990339857323562,2.2125925743253916,-0.13791052788856462
0.13714588117876758,-0.8362022117989838,-0.04838986952234592
0.13714588117876758,-0.8362022117989838,-0.04838986952234592
0.13714588117876758,-0.8362022117989838,-0.04838986952234592
0.13714588117876758,-0.8362022117989838,-0.04838986952234592
0.13714588117876758,-0.8362022117989838,-0.04838986952234592
0.05654839938496181,2.3708963632652953,-0.20272913975142437
0.05654839938496181,2.3708963632652953,-0.20272913975142437
0.05654839938496181,2.3708963632652953,-0.20272913975142437
0.05654839938496181,2.3708963632652953,-0.20272913975142437
0.05654839938496181,2.3708963632652953,-0.20272913975142437
-0.14834990132836623,-1.1665494090063788,-0.16692924748080173
-0.14834990132836623,-1.1665494090063788,-0.16692924748080173
-0.14834990132836623,-1.1665494090063788,-0.16692924748080173
-0.14834990132836623,-1.1665494090063788,-0.16692924748080173
-0.14834990132836623,-1.1665494090063788,-0.16692924748080173
-0.18005374448649647,-0.23487427231901137,0.024792590713561324
-0.18005374448649647,-0.23487427231901137,0.024792590713561324
-0.18005374448649647,-0.23487427231901137,0.024792590713561324
-0.18005374448649647,-0.23487427231901137,0.024792590713561324
-0.18005374448649647,-0.23487427231901137,0.024792590713561324
-0.09627225466518752,1.48087034082873,-0.15292389295994724
-0.09627225466518752,1.48087034082873,-0.15292389295994724
-0.09627225466518752,1.48087034082873,-0.15292389295994724
-0.09627225466518752,1.48087034082873,-0.15292389295994724
-0.09627225466518752,1.48087034082873,-0.15292389295994724
0.1155466742134017,0.4422997816679839,-0.04517821735858263
0.1155466742134017,0.4422997816679839,-0.04517821735858263
0.1155466742134017,0.4422997816679839,-0.04517821735858263
0.1155466742134017,0.4422997816679839,-0.04517821735858263
0.1155466742134017,0.4422997816679839,-0.04517821735858263
0.17720127972824784,-2.593999911891977,-0.09491386273760583
0.17720127972824784,-2.593999911891977,-0.09491386273760583
0.17720127972824784,-2.593999911891977,-0.09491386273760583
0.17720127972824784,-2.593999911891977,-0.09491386273760583
0.17720127972824784,-2.593999911891977,-0.09491386273760583
0.13086577554869905,-1.0506817969970825,0.019529009389389174
0.13086577554869905,-1.0506817969970825,0.019529009389389174
0.13086577554869905,-1.0506817969970825,0.019529009389389174
0.13086577554869905,-1.0506817969970825,0.019529009389389174
0.13086577554869905,-1.0506817969970825,0.019529009389389174
0.21638536345618675,0.8186807465846044,0.02387490552795235
0.21638536345618675,0.8186807465846044,0.02387490552795235
0.21638536345618675,0.8186807465846044,0.02387490552795235
0.21638536345618675,0.8186807465846044,0.02387490552795235
0.21638536345618675,0.8186807465846044,0.02387490552795235
0.053261846124549095,1.7096146680918238,-0.06642722343970142
0.053261846124549095,1.7096146680918238,-0.06642722343970142
0.053261846124549095,1.7096146680918238,-0.06642722343970142
0.053261846124549095,1.7096146680918238,-0.06642722343970142
0.053261846124549095,1.7096146680918238,-0.06642722343970142
0.018917734104515915,-3.096507916913936,-0.018584554119181362
0.018917734104515915,-3.096507916913936,-0.018584554119181362
0.018917734104515915,-3.096507916913936,-0.018584554119181362
0.018917734104515915,-3.096507916913936,-0.018584554119181362
0.018917734104515915,-3.096507916913936,-0.018584554119181362
-0.0931654412510241,2.0304124377031485,0.020363656791154483
-0.0931654412510241,2.0304124377031485,0.020363656791154483
-0.0931654412510241,2.0304124377031485,0.020363656791154483
-0.0931654412510241,2.0304124377031485,0.020363656791154483
-0.0931654412510241,2.0304124377031485,0.020363656791154483
0.06300127151859769,-1.0912853913804952,-0.13086493085346618
0.06300127151859769,-1.0912853913804952,-0.13086493085346618
0.06300127151859769,-1.0912853913804952,-0.13086493085346618
0.06300127151859769,-1.0912853913804952,-0.13086493085346618
0.06300127151859769,-1.0912853913804952,-0.13086493085346618
0.011121076076811676,0.8796636163743301,-0.04437247180269921
0.011121076076811676,0.8796636163743301,-0.04437247180269921
0.011121076076811676,0.8796636163743301,-0.04437247180269921
0.011121076076811676,0.8796636163743301,-0.04437247180269921
0.011121076076811676,0.8796636163743301,-0.04437247180269921
-0.21057980334325066,-0.9329487134258443,0.10508627521118896
-0.21057980334325066,-0.9329487134258443,0.10508627521118896
-0.21057980334325066,-0.9329487134258443,0.10508627521118896
-0.21057980334325066,-0.9329487134258443,0.10508627521118896
-0.21057980334325066,-0.9329487134258443,0.10508627521118896
0.008745611805608178,-1.242431374297638,-0.12158508330018591
0.008745611805608178,-1.242431374297638,-0.12158508330018591
0.008745611805608178,-1.242431374297638,-0.12158508330018591
0.008745611805608178,-1.242431374297638,-0.12158508330018591
0.008745611805608178,-1.242431374297638,-0.12158508330018591
-0.08922825445691984,-0.09415705588397572,0.07857719425121346
-0.08922825445691984,-0.09415705588397572,0.07857719425121346
-0.08922825445691984,-0.09415705588397572,0.07857719425121346
-0.08922825445691984,-0.09415705588397572,0.07857719425121346
-0.08922825445691984,-0.09415705588397572,0.07857719425121346
0.03368495046829878,1.3209545041600208,0.08386896017946732
0.03368495046829878,1.3209545041600208,0.08386896017946732
0.03368495046829878,1.3209545041600208,0.08386896017946732
0.03368495046829878,1.3209545041600208,0.08386896017946732
0.03368495046829878,1.3209545041600208,0.08386896017946732
0.030824428064839537,0.5429733480053471,-0.10073859983203626
0.030824428064839537,0.5429733480053471,-0.10073859983203626
0.030824428064839537,0.5429733480053471,-0.10073859983203626
0.030824428064839537,0.5429733480053471,-0.10073859983203626
0.030824428064839537,0.5429733480053471,-0.10073859983203626
-0.1059289564247301,-2.084117040740459,0.001755695654704681
-0.1059289564247301,-2.084117040740459,0.001755695654704681
-0.1059289564247301,-2.084117040740459,0.001755695654704681
-0.1059289564247301,-2.084117040740459,0.001755695654704681
-0.1059289564247301,-2.084117040740459,0.001755695654704681
-0.146917137024694,2.0697197396896243,0.06996974603345407
-0.146917137024694,2.0697197396896243,0.06996974603345407
-0.146917137024694,2.0697197396896243,0.06996974603345407
-0.146917137024694,2.0697197396896243,0.06996974603345407
-0.146917137024694,2.0697197396896243,0.06996974603345407
-0.25886795422264086,-1.6551530219182027,0.18687049270368838
-0.25886795422264086,-1.6551530219182027,0.18687049270368838
-0.25886795422264086,-1.6551530219182027,0.18687049270368838
-0.25886795422264086,-1.6551530219182027,0.18687049270368838
-0.25886795422264086,-1.6551530219182027,0.18687049270368838
-0.14163179211292487,1.7092709764113536,0.015349774311678388
-0.14163179211292487,1.7092709764113536,0.015349774311678388
-0.14163179211292487,1.7092709764113536,0.015349774311678388
-0.14163179211292487,1.7092709764113536,0.015349774311678388
-0.14163179211292487,1.7092709764113536,0.015349774311678388
0.07077971416331152,0.16398360113991117,-0.2571081157372497
0.07077971416331152,0.16398360113991117,-0.2571081157372497
0.07077971416331152,0.16398360113991117,-0.2571081157372497
0.07077971416331152,0.16398360113991117,-0.2571081157372497
0.07077971416331152,0.16398360113991117,-0.2571081157372497
-0.2642735080761156,-1.4947968111397145,-0.11368843857679778
-0.2642735080761156,-1.4947968111397145,-0.11368843857679778
-0.2642735080761156,-1.4947968111397145,-0.11368843857679778
-0.2642735080761156,-1.4947968111397145,-0.11368843857679778
-0.2642735080761156,-1.4947968111397145,-0.11368843857679778
-0.25917836011338125,-0.2814849587009789,-0.1127406788228349
-0.25917836011338125,-0.2814849587009789,-0.1127406788228349
-0.25917836011338125,-0.2814849587009789,-0.1127406788228349
-0.25917836011338125,-0.2814849587009789,-0.1127406788228349
-0.25917836011338125,-0.2814849587009789,-0.1127406788228349
-0.045801221565589856,1.7767079136598696,-0.0200893798616697
-0.045801221565589856,1.7767079136598696,-0.0200893798616697
-0.045801221565589856,1.7767079136598696,-0.0200893798616697
-0.045801221565589856,1.7767079136598696,-0.0200893798616697
-0.045801221565589856,1.7767079136598696,-0.0200893798616697
-0.10057183411748483,-2.4417531521650133,0.1686260333779206
-0.10057183411748483,-2.4417531521650133,0.1686260333779206
-0.10057183411748483,-2.4417531521650133,0.1686260333779206
-0.10057183411748483,-2.4417531521650133,0.1686260333779206
-0.10057183411748483,-2.4417531521650133,0.1686260333779206
0.025367323948074727,2.9137578867449037,0.1038182696066201
0.025367323948074727,2.9137578867449037,0.1038182696066201
0.025367323948074727,2.9137578867449037,0.1038182696066201
0.025367323948074727,2.9137578867449037,0.1038182696066201
0.025367323948074727,2.9137578867449037,0.1038182696066201
-0.13914767374927095,-1.117384319931368,0.10612470561766685
-0.13914767374927095,-1.117384319931368,0.10612470561766685
-0.13914767374927095,-1.117384319931368,0.10612470561766685
-0.13914767374927095,-1.117384319931368,0.10612470561766685
-0.13914767374927095,-1.117384319931368,0.10612470561766685
0.04875661877737514,-2.6726819462539595,-0.25763744659769117
0.04875661877737514,-2.6726819462539595,-0.25763744659769117
0.04875661877737514,-2.6726819462539595,-0.25763744659769117
0.04875661877737514,-2.6726819462539595,-0.25763744659769117
0.04875661877737514,-2.6726819462539595,-0.25763744659769117
0.012935432231905963,3.5,-0.3121283445318461
0.012935432231905963,3.5,-0.3121283445318461
0.012935432231905963,3.5,-0.3121283445318461
0.012935432231905963,3.5,-0.3121283445318461
0.012935432231905963,3.5,-0.3121283445318461
0.15548858748652705,-4.120007779505535,-0.22833166375376734
0.15548858748652705,-4.120007779505535,-0.22833166375376734
0.15548858748652705,-4.120007779505535,-0.22833166375376734
0.15548858748652705,-4.120007779505535,-0.22833166375376734
0.15548858748652705,-4.120007779505535,-0.22833166375376734
0.07306936464508595,-0.07632884763232539,-0.04347137630083253
0.07306936464508595,-0.07632884763232539,-0.04347137630083253
0.07306936464508595,-0.07632884763232539,-0.04347137630083253
0.07306936464508595,-0.07632884763232539,-0.04347137630083253
0.07306936464508595,-0.07632884763232539,-0.04347137630083253
-0.13427541924177078,1.2362346223915708,0.028319198691651337
-0.13427541924177078,1.2362346223915708,0.028319198691651337
-0.13427541924177078,1.2362346223915708,0.028319198691651337
-0.13427541924177078,1.2362346223915708,0.028319198691651337
-0.13427541924177078,1.2362346223915708,0.028319198691651337
-0.03817204631577553,-0.9865019216663171,0.03617848641570909
-0.03817204631577553,-0.9865019216663171,0.03617848641570909
-0.03817204631577553,-0.9865019216663171,0.03617848641570909
-0.03817204631577553,-0.9865019216663171,0.03617848641570909
-0.03817204631577553,-0.9865019216663171,0.03617848641570909
0.007334465593487494,-0.07376274530597016,0.07540854514803108
0.007334465593487494,-0.07376274530597016,0.07540854514803108
0.007334465593487494,-0.07376274530597016,0.07540854514803108
0.007334465593487494,-0.07376274530597016,0.07540854514803108
0.007334465593487494,-0.07376274530597016,0.07540854514803108
-0.13853480898757553,-0.46203332062496827,-0.16930229747151415
-0.13853480898757553,-0.46203332062496827,-0.16930229747151415
-0.13853480898757553,-0.46203332062496827,-0.16930229747151415
-0.13853480898757553,-0.46203332062496827,-0.16930229747151415
-0.13853480898757553,-0.46203332062496827,-0.16930229747151415
-0.09813448607397746,1.6029624994031835,-0.05961805887303484
-0.09813448607397746,1.6029624994031835,-0.05961805887303484
-0.09813448607397746,1.6029624994031835,-0.05961805887303484
-0.09813448607397746,1.6029624994031835,-0.05961805887303484
-0.09813448607397746,1.6029624994031835,-0.05961805887303484
-0.11994594492534816,-0.9534140273720553,-0.03710140835351794
-0.11994594492534816,-0.9534140273720553,-0.03710140835351794
-0.11994594492534816,-0.9534140273720553,-0.03710140835351794
-0.11994594492534816,-0.9534140273720553,-0.03710140835351794
-0.11994594492534816,-0.9534140273720553,-0.03710140835351794
-0.09105771486852987,-1.756290552668716,0.22321359913687822
-0.09105771486852987,-1.756290552668716,0.22321359913687822
-0.09105771486852987,-1.756290552668716,0.22321359913687822
-0.09105771486852987,-1.756290552668716,0.22321359913687822
-0.09105771486852987,-1.756290552668716,0.22321359913687822
-0.08773803065271579,1.143153252428469,0.11538326007453747
-0.08773803065271579,1.143153252428469,0.11538326007453747
-0.08773803065271579,1.143153252428469,0.11538326007453747
-0.08773803065271579,1.143153252428469,0.11538326007453747
-0.08773803065271579,1.143153252428469,0.11538326007453747
-0.027202599415605988,-0.7372327615423799,0.12394252112769522
-0.027202599415605988,-0.7372327615423799,0.12394252112769522
-0.027202599415605988,-0.7372327615423799,0.12394252112769522
-0.027202599415605988,-0.7372327615423799,0.12394252112769522
-0.027202599415605988,-0.7372327615423799,0.12394252112769522
-0.1934077416716491,2.536450720428739,-0.16553837851366104
-0.1934077416716491,2.536450720428739,-0.16553837851366104
-0.1934077416716491,2.536450720428739,-0.16553837851366104
-0.1934077416716491,2.536450720428739,-0.16553837851366104
-0.1934077416716491,2.536450720428739,-0.16553837851366104
-0.2442286929914559,0.6303067040162063,0.11914786878650574
-0.2442286929914559,0.6303067040162063,0.11914786878650574
-0.2442286929914559,0.6303067040162063,0.11914786878650574
-0.2442286929914559,0.6303067040162063,0.11914786878650574
-0.2442286929914559,0.6303067040162063,0.11914786878650574
0.133098402439213,-0.8176776269484236,0.06464611483791494
0.133098402439213,-0.8176776269484236,0.06464611483791494
0.133098402439213,-0.8176776269484236,0.06464611483791494
0.133098402439213,-0.8176776269484236,0.06464611483791494
0.133098402439213,-0.8176776269484236,0.06464611483791494
0.10488254829334309,-2.5731150520650914,-0.04361772146381959
0.10488254829334309,-2.5731150520650914,-0.04361772146381959
0.10488254829334309,-2.5731150520650914,-0.04361772146381959
0.10488254829334309,-2.5731150520650914,-0.04361772146381959
0.10488254829334309,-2.5731150520650914,-0.04361772146381959
0.15534284806084386,1.1347241428467925,0.03834702914402044
0.15534284806084386,1.1347241428467925,0.03834702914402044
0.15534284806084386,1.1347241428467925,0.03834702914402044
0.15534284806084386,1.1347241428467925,0.03834702914402044
0.15534284806084386,1.1347241428467925,0.03834702914402044
0.14489872247443358,-0.3890305925323787,0.07747897223327271
0.14489872247443358,-0.3890305925323787,0.07747897223327271
0.14489872247443358,-0.3890305925323787,0.07747897223327271
0.14489872247443358,-0.3890305925323787,0.07747897223327271
0.14489872247443358,-0.3890305925323787,0.07747897223327271
0.03318392338242404,1.1652825728801304,-0.022930071262331708
0.03318392338242404,1.1652825728801304,-0.022930071262331708
0.03318392338242404,1.1652825728801304,-0.022930071262331708
0.03318392338242404,1.1652825728801304,-0.022930071262331708
0.03318392338242404,1.1652825728801304,-0.022930071262331708
0.171026563188736,0.5311455856884848,-0.21917053869798053
0.171026563188736,0.5311455856884848,-0.21917053869798053
0.171026563188736,0.5311455856884848,-0.21917053869798053
0.171026563188736,0.5311455856884848,-0.21917053869798053
0.171026563188736,0.5311455856884848,-0.21917053869798053
0.0844484888357897,0.5599792707623692,0.15913427599034513
0.0844484888357897,0.5599792707623692,0.15913427599034513
0.0844484888357897,0.5599792707623692,0.15913427599034513
0.0844484888357897,0.5599792707623692,0.15913427599034513
0.0844484888357897,0.5599792707623692,0.15913427599034513
-0.07614149684950533,-2.4182573730807846,-0.12614044655928147
-0.07614149684950533,-2.4182573730807846,-0.12614044655928147
-0.07614149684950533,-2.4182573730807846,-0.12614044655928147
-0.07614149684950533,-2.4182573730807846,-0.12614044655928147
-0.07614149684950533,-2.4182573730807846,-0.12614044655928147
0.1108664510054318,0.36398956656069004,-0.10488894674896088
0.1108664510054318,0.36398956656069004,-0.10488894674896088
0.1108664510054318,0.36398956656069004,-0.10488894674896088
0.1108664510054318,0.36398956656069004,-0.10488894674896088
0.1108664510054318,0.36398956656069004,-0.10488894674896088
-0.04374256741917648,1.7142556101355453,0.232566710055087
-0.04374256741917648,1.7142556101355453,0.232566710055087
-0.04374256741917648,1.7142556101355453,0.232566710055087
-0.04374256741917648,1.7142556101355453,0.232566710055087
-0.04374256741917648,1.7142556101355453,0.232566710055087
-0.12398789335956906,-1.8674139308902724,0.03298268817414218
-0.12398789335956906,-1.8674139308902724,0.03298268817414218
-0.12398789335956906,-1.8674139308902724,0.03298268817414218
-0.12398789335956906,-1.8674139308902724,0.03298268817414218
-0.12398789335956906,-1.8674139308902724,0.03298268817414218
-0.24677758126548355,-1.8176904247347636,-0.20289660093317607
-0.24677758126548355,-1.8176904247347636,-0.20289660093317607
-0.24677758126548355,-1.8176904247347636,-0.20289660093317607
-0.24677758126548355,-1.8176904247347636,-0.20289660093317607
-0.24677758126548355,-1.8176904247347636,-0.20289660093317607
-0.18516593076794763,1.4182320289330406,-0.07146392198096585
-0.18516593076794763,1.4182320289330406,-0.07146392198096585
-0.18516593076794763,1.4182320289330406,-0.07146392198096585
-0.18516593076794763,1.4182320289330406,-0.07146392198096585
-0.18516593076794763,1.4182320289330406,-0.07146392198096585
-0.13057352786768206,-0.19284900924174764,-0.10680152303246615
-0.13057352786768206,-0.19284900924174764,-0.10680152303246615
-0.13057352786768206,-0.19284900924174764,-0.10680152303246615
-0.13057352786768206,-0.19284900924174764,-0.10680152303246615
-0.13057352786768206,-0.19284900924174764,-0.10680152303246615
-0.052302003659015384,0.6496615376008137,-0.09176809698605481
-0.052302003659015384,0.6496615376008137,-0.09176809698605481
-0.052302003659015384,0.6496615376008137,-0.09176809698605481
-0.052302003659015384,0.6496615376008137,-0.09176809698605481
-0.052302003659015384,0.6496615376008137,-0.09176809698605481
0.09054431500592486,-1.7049364056477216,-0.10134656596865632
0.09054431500592486,-1.7049364056477216,-0.10134656596865632
0.09054431500592486,-1.7049364056477216,-0.10134656596865632
0.09054431500592486,-1.7049364056477216,-0.10134656596865632
0.09054431500592486,-1.7049364056477216,-0.10134656596865632
0.11395639391902179,-0.16900744905576204,-0.15716429945501353
0.11395639391902179,-0.16900744905576204,-0.15716429945501353
0.11395639391902179,-0.16900744905576204,-0.15716429945501353
0.11395639391902179,-0.16900744905576204,-0.15716429945501353
0.11395639391902179,-0.16900744905576204,-0.15716429945501353
-0.054424216090559696,0.9462204510415901,-0.04388040690517592
-0.054424216090559696,0.9462204510415901,-0.04388040690517592
-0.054424216090559696,0.9462204510415901,-0.04388040690517592
-0.054424216090559696,0.9462204510415901,-0.04388040690517592
-0.054424216090559696,0.9462204510415901,-0.04388040690517592
-0.09116834238340843,-1.097123321674374,-0.1653040527017282
-0.09116834238340843,-1.097123321674374,-0.1653040527017282
-0.09116834238340843,-1.097123321674374,-0.1653040527017282
-0.09116834238340843,-1.097123321674374,-0.1653040527017282
-0.09116834238340843,-1.097123321674374,-0.1653040527017282
0.03506672522750165,1.5766354123618243,-0.11147510648491732
0.03506672522750165,1.5766354123618243,-0.11147510648491732
0.03506672522750165,1.5766354123618243,-0.11147510648491732
0.03506672522750165,1.5766354123618243,-0.11147510648491732
0.03506672522750165,1.5766354123618243,-0.11147510648491732
0.06736939614438953,-1.9422117261049436,-0.21189164171676111
0.06736939614438953,-1.9422117261049436,-0.21189164171676111
0.06736939614438953,-1.9422117261049436,-0.21189164171676111
0.06736939614438953,-1.9422117261049436,-0.21189164171676111
0.06736939614438953,-1.9422117261049436,-0.21189164171676111
0.05135032342467838,1.8244333459608697,-0.10937269259023452
0.05135032342467838,1.8244333459608697,-0.10937269259023452
0.05135032342467838,1.8244333459608697,-0.10937269259023452
0.05135032342467838,1.8244333459608697,-0.10937269259023452
0.05135032342467838,1.8244333459608697,-0.10937269259023452
0.049127817000769625,-1.3780889337644524,-0.005248831555888955
0.049127817000769625,-1.3780889337644524,-0.005248831555888955
0.049127817000769625,-1.3780889337644524,-0.005248831555888955
0.049127817000769625,-1.3780889337644524,-0.005248831555888955
0.049127817000769625,-1.3780889337644524,-0.005248831555888955
-0.08695952787449457,-1.1793842954594425,0.1310004457717291
-0.08695952787449457,-1.1793842954594425,0.1310004457717291
-0.08695952787449457,-1.1793842954594425,0.1310004457717291
-0.08695952787449457,-1.1793842954594425,0.1310004457717291
-0.08695952787449457,-1.1793842954594425,0.1310004457717291
-0.0624802886773459,-0.8895012159661704,0.03391698121482811
-0.0624802886773459,-0.8895012159661704,0.03391698121482811
-0.0624802886773459,-0.8895012159661704,0.03391698121482811
-0.0624802886773459,-0.8895012159661704,0.03391698121482811
-0.0624802886773459,-0.8895012159661704,0.03391698121482811
0.12661393086353812,1.3058574701920165,-0.028466681622925094
0.12661393086353812,1.3058574701920165,-0.028466681622925094
0.12661393086353812,1.3058574701920165,-0.028466681622925094
0.12661393086353812,1.3058574701920165,-0.028466681622925094
0.12661393086353812,1.3058574701920165,-0.028466681622925094
0.2396162705566134,-1.7123380518524414,0.06650957744100339
0.2396162705566134,-1.7123380518524414,0.06650957744100339
0.2396162705566134,-1.7123380518524414,0.06650957744100339
0.2396162705566134,-1.7123380518524414,0.06650957744100339
0.2396162705566134,-1.7123380518524414,0.06650957744100339
0.08994455386193323,2.274229070093533,-0.04939355288892777
0.08994455386193323,2.274229070093533,-0.04939355288892777
0.08994455386193323,2.274229070093533,-0.04939355288892777
0.08994455386193323,2.274229070093533,-0.04939355288892777
0.08994455386193323,2.274229070093533,-0.04939355288892777
-0.09389845302905186,-1.1113032864059775,0.1514623711658878
-0.09389845302905186,-1.1113032864059775,0.1514623711658878
-0.09389845302905186,-1.1113032864059775,0.1514623711658878
-0.09389845302905186,-1.1113032864059775,0.1514623711658878
-0.09389845302905186,-1.1113032864059775,0.1514623711658878
-0.09705864617423998,1.4307584249526144,-0.054923524656672384
-0.09705864617423998,1.4307584249526144,-0.054923524656672384
-0.09705864617423998,1.4307584249526144,-0.054923524656672384
-0.09705864617423998,1.4307584249526144,-0.054923524656672384
-0.09705864617423998,1.4307584249526144,-0.054923524656672384
0.23118705791142347,0.4939428278171505,-0.019118414936016848
0.23118705791142347,0.4939428278171505,-0.019118414936016848
0.23118705791142347,0.4939428278171505,-0.019118414936016848
0.23118705791142347,0.4939428278171505,-0.019118414936016848
0.23118705791142347,0.4939428278171505,-0.019118414936016848
0.12465040079418443,-0.3702545350956754,-0.17302925038089256
0.12465040079418443,-0.3702545350956754,-0.17302925038089256
0.12465040079418443,-0.3702545350956754,-0.17302925038089256
0.12465040079418443,-0.3702545350956754,-0.17302925038089256
0.12465040079418443,-0.3702545350956754,-0.17302925038089256
0.20392562673657366,0.3467942323177766,0.038476776052645434
0.20392562673657366,0.3467942323177766,0.038476776052645434
0.20392562673657366,0.3467942323177766,0.038476776052645434
0.20392562673657366,0.3467942323177766,0.038476776052645434
0.20392562673657366,0.3467942323177766,0.038476776052645434
0.12067567005073343,-1.048027028253557,0.0810348886436838
0.12067567005073343,-1.048027028253557,0.0810348886436838
0.12067567005073343,-1.048027028253557,0.0810348886436838
0.12067567005073343,-1.048027028253557,0.0810348886436838
0.12067567005073343,-1.048027028253557,0.0810348886436838
0.1406790554070625,1.5417493723844302,0.0998674719995769
0.1406790554070625,1.5417493723844302,0.0998674719995769
0.1406790554070625,1.5417493723844302,0.0998674719995769
0.1406790554070625,1.5417493723844302,0.0998674719995769
0.1406790554070625,1.5417493723844302,0.0998674719995769
0.09800070044467546,-0.9368722270595384,-0.08839097963622145
0.09800070044467546,-0.9368722270595384,-0.08839097963622145
0.09800070044467546,-0.9368722270595384,-0.08839097963622145
0.09800070044467546,-0.9368722270595384,-0.08839097963622145
0.09800070044467546,-0.9368722270595384,-0.08839097963622145
-0.31564275929211405,-1.583415609497827,0.05936833508453887
-0.31564275929211405,-1.583415609497827,0.05936833508453887
-0.31564275929211405,-1.583415609497827,0.05936833508453887
-0.31564275929211405,-1.583415609497827,0.05936833508453887
-0.31564275929211405,-1.583415609497827,0.05936833508453887
0.09561792499228972,1.6633934846711043,0.05588902911819105
0.09561792499228972,1.6633934846711043,0.05588902911819105
0.09561792499228972,1.6633934846711043,0.05588902911819105
0.09561792499228972,1.6633934846711043,0.05588902911819105
0.09561792499228972,1.6633934846711043,0.05588902911819105
0.08965855413194035,1.7481414913600588,0.06305647428823846
0.08965855413194035,1.7481414913600588,0.06305647428823846
0.08965855413194035,1.7481414913600588,0.06305647428823846
0.08965855413194035,1.7481414913600588,0.06305647428823846
0.08965855413194035,1.7481414913600588,0.06305647428823846
-0.13896404885350577,1.2812039489446434,0.008835814368305606
-0.13896404885350577,1.2812039489446434,0.008835814368305606
-0.13896404885350577,1.2812039489446434,0.008835814368305606
-0.13896404885350577,1.2812039489446434,0.008835814368305606
-0.13896404885350577,1.2812039489446434,0.008835814368305606
0.011795699960284622,-1.5421291530729206,0.034640455675779336
0.011795699960284622,-1.5421291530729206,0.034640455675779336
0.011795699960284622,-1.5421291530729206,0.034640455675779336
0.011795699960284622,-1.5421291530729206,0.034640455675779336
0.011795699960284622,-1.5421291530729206,0.034640455675779336
-0.12933162507459173,0.9199088764190861,0.10347224924372966
-0.12933162507459173,0.9199088764190861,0.10347224924372966
-0.12933162507459173,0.9199088764190861,0.10347224924372966
-0.12933162507459173,0.9199088764190861,0.10347224924372966
-0.12933162507459173,0.9199088764190861,0.10347224924372966
0.01126153731939894,-0.6878771495181653,0.198511911676313
0.01126153731939894,-0.6878771495181653,0.198511911676313
0.01126153731939894,-0.6878771495181653,0.198511911676313
0.01126153731939894,-0.6878771495181653,0.198511911676313
0.01126153731939894,-0.6878771495181653,0.198511911676313
-0.03677149265895352,1.1988563333587692,0.06218211711588495
-0.03677149265895352,1.1988563333587692,0.06218211711588495
-0.03677149265895352,1.1988563333587692,0.06218211711588495
-0.03677149265895352,1.1988563333587692,0.06218211711588495
-0.03677149265895352,1.1988563333587692,0.06218211711588495
-0.06501245155787316,1.0292181948944545,-0.07522385462798553
-0.06501245155787316,1.0292181948944545,-0.07522385462798553
-0.06501245155787316,1.0292181948944545,-0.07522385462798553
-0.06501245155787316,1.0292181948944545,-0.07522385462798553
-0.06501245155787316,1.0292181948944545,-0.07522385462798553
0.13603245375290385,-4.065613365868913,-0.06810015371779876
0.13603245375290385,-4.065613365868913,-0.06810015371779876
0.13603245375290385,-4.065613365868913,-0.06810015371779876
0.13603245375290385,-4.065613365868913,-0.06810015371779876
0.13603245375290385,-4.065613365868913,-0.06810015371779876
0.015507333475152763,3.5,-0.05458565369241164
0.015507333475152763,3.5,-0.05458565369241164
0.015507333475152763,3.5,-0.05458565369241164
0.015507333475152763,3.5,-0.05458565369241164
0.015507333475152763,3.5,-0.05458565369241164
-0.2682428626480764,1.0764344176050074,-0.024739394778226398
-0.2682428626480764,1.0764344176050074,-0.024739394778226398
-0.2682428626480764,1.0764344176050074,-0.024739394778226398
-0.2682428626480764,1.0764344176050074,-0.024739394778226398
-0.2682428626480764,1.0764344176050074,-0.024739394778226398
0.07481176120488087,0.21080132645266758,-0.05372986044498873
0.07481176120488087,0.21080132645266758,-0.05372986044498873
0.07481176120488087,0.21080132645266758,-0.05372986044498873
0.07481176120488087,0.21080132645266758,-0.05372986044498873
0.07481176120488087,0.21080132645266758,-0.05372986044498873
0.14911497981036703,-1.327491849671425,0.002091532636290694
0.14911497981036703,-1.327491849671425,0.002091532636290694
0.14911497981036703,-1.327491849671425,0.002091532636290694
0.14911497981036703,-1.327491849671425,0.002091532636290694
0.14911497981036703,-1.327491849671425,0.002091532636290694
-0.0375769766347922,1.2956051787461718,0.0754052832771599
-0.0375769766347922,1.2956051787461718,0.0754052832771599
-0.0375769766347922,1.2956051787461718,0.0754052832771599
-0.0375769766347922,1.2956051787461718,0.0754052832771599
-0.0375769766347922,1.2956051787461718,0.0754052832771599
-0.14167567912124568,0.6998692746678472,-0.006983239398163477
-0.14167567912124568,0.6998692746678472,-0.006983239398163477
-0.14167567912124568,0.6998692746678472,-0.006983239398163477
-0.14167567912124568,0.6998692746678472,-0.006983239398163477
-0.14167567912124568,0.6998692746678472,-0.006983239398163477
-0.1369592399496078,0.3018500058924758,-0.0710403119056
-0.1369592399496078,0.3018500058924758,-0.0710403119056
-0.1369592399496078,0.3018500058924758,-0.0710403119056
-0.1369592399496078,0.3018500058924758,-0.0710403119056
-0.1369592399496078,0.3018500058924758,-0.0710403119056
-0.09575510656786435,-2.7876984279274666,-0.011999523281364333
-0.09575510656786435,-2.7876984279274666,-0.011999523281364333
-0.09575510656786435,-2.7876984279274666,-0.011999523281364333
-0.09575510656786435,-2.7876984279274666,-0.011999523281364333
-0.09575510656786435,-2.7876984279274666,-0.011999523281364333
-0.16674978409482222,3.067911626128833,0.22404434787343064
-0.16674978409482222,3.067911626128833,0.22404434787343064
-0.16674978409482222,3.067911626128833,0.22404434787343064
-0.16674978409482222,3.067911626128833,0.22404434787343064
-0.16674978409482222,3.067911626128833,0.22404434787343064
0.04292098127444888,-3.9400736191763315,0.21555858605621836
0.04292098127444888,-3.9400736191763315,0.21555858605621836
0.04292098127444888,-3.9400736191763315,0.21555858605621836
0.04292098127444888,-3.9400736191763315,0.21555858605621836
0.04292098127444888,-3.9400736191763315,0.21555858605621836
-0.09655483552263888,1.2986017923225006,0.08767890764695174
-0.09655483552263888,1.2986017923225006,0.08767890764695174
-0.09655483552263888,1.2986017923225006,0.08767890764695174
-0.09655483552263888,1.2986017923225006,0.08767890764695174
-0.09655483552263888,1.2986017923225006,0.08767890764695174
-0.0645220354128,1.4986605081225406,0.11180174239533791
-0.0645220354128,1.4986605081225406,0.11180174239533791
-0.0645220354128,1.4986605081225406,0.11180174239533791
-0.0645220354128,1.4986605081225406,0.11180174239533791
-0.0645220354128,1.4986605081225406,0.11180174239533791
-0.13670659591858225,-2.8085326282822294,-0.0881315424511051
-0.13670659591858225,-2.8085326282822294,-0.0881315424511051
-0.13670659591858225,-2.8085326282822294,-0.0881315424511051
-0.13670659591858225,-2.8085326282822294,-0.0881315424511051
-0.13670659591858225,-2.8085326282822294,-0.0881315424511051
-0.2512591569262703,1.8193656743902267,-0.07927494206858121
-0.2512591569262703,1.8193656743902267,-0.07927494206858121
-0.2512591569262703,1.8193656743902267,-0.07927494206858121
-0.2512591569262703,1.8193656743902267,-0.07927494206858121
-0.2512591569262703,1.8193656743902267,-0.07927494206858121
-0.235305489495083,0.8311020248907681,-0.20737146239351567
-0.235305489495083,0.8311020248907681,-0.20737146239351567
-0.235305489495083,0.8311020248907681,-0.20737146239351567
-0.235305489495083,0.8311020248907681,-0.20737146239351567
-0.235305489495083,0.8311020248907681,-0.20737146239351567
-0.14850765774113484,-0.3095910282454639,-0.04335119678833621
-0.14850765774113484,-0.3095910282454639,-0.04335119678833621
-0.14850765774113484,-0.3095910282454639,-0.04335119678833621
-0.14850765774113484,-0.3095910282454639,-0.04335119678833621
-0.14850765774113484,-0.3095910282454639,-0.04335119678833621
0.0021256511979643733,0.19081364636821263,-0.02828506770843653
0.0021256511979643733,0.19081364636821263,-0.02828506770843653
0.0021256511979643733,0.19081364636821263,-0.02828506770843653
0.0021256511979643733,0.19081364636821263,-0.02828506770843653
0.0021256511979643733,0.19081364636821263,-0.02828506770843653
-0.05548393978662247,0.2999221906359253,-0.035375897510231624
-0.05548393978662247,0.2999221906359253,-0.035375897510231624
-0.05548393978662247,0.2999221906359253,-0.035375897510231624
-0.05548393978662247,0.2999221906359253,-0.035375897510231624
-0.05548393978662247,0.2999221906359253,-0.035375897510231624
-0.05020008634933859,-1.3392062194612677,-0.04608001612716528
-0.05020008634933859,-1.3392062194612677,-0.04608001612716528
-0.05020008634933859,-1.3392062194612677,-0.04608001612716528
-0.05020008634933859,-1.3392062194612677,-0.04608001612716528
-0.05020008634933859,-1.3392062194612677,-0.04608001612716528
0.29221613826964443,1.927551791801143,-0.01775886575049057
0.29221613826964443,1.927551791801143,-0.01775886575049057
0.29221613826964443,1.927551791801143,-0.01775886575049057
0.29221613826964443,1.927551791801143,-0.01775886575049057
0.29221613826964443,1.927551791801143,-0.01775886575049057
0.020570146339409234,-4.511570506604251,0.20196311528470012
0.020570146339409234,-4.511570506604251,0.20196311528470012
0.020570146339409234,-4.511570506604251,0.20196311528470012
0.020570146339409234,-4.511570506604251,0.20196311528470012
0.020570146339409234,-4.511570506604251,0.20196311528470012
0.3140083655940309,3.5,0.24639181548227995
0.3140083655940309,3.5,0.24639181548227995
0.3140083655940309,3.5,0.24639181548227995
0.3140083655940309,3.5,0.24639181548227995
0.3140083655940309,3.5,0.24639181548227995
-0.08232813569521014,-1.5209625183402409,0.31362298783293774
-0.08232813569521014,-1.5209625183402409,0.31362298783293774
-0.08232813569521014,-1.5209625183402409,0.31362298783293774
-0.08232813569521014,-1.5209625183402409,0.31362298783293774
-0.08232813569521014,-1.5209625183402409,0.31362298783293774
-0.14838038221117955,-0.32504061805408924,-0.01264652563674673
-0.14838038221117955,-0.32504061805408924,-0.01264652563674673
-0.14838038221117955,-0.32504061805408924,-0.01264652563674673
-0.14838038221117955,-0.32504061805408924,-0.01264652563674673
-0.14838038221117955,-0.32504061805408924,-0.01264652563674673
-0.11067234585284069,0.7877091847929734,0.01818107580137074
-0.11067234585284069,0.7877091847929734,0.01818107580137074
-0.11067234585284069,0.7877091847929734,0.01818107580137074
-0.11067234585284069,0.7877091847929734,0.01818107580137074
-0.11067234585284069,0.7877091847929734,0.01818107580137074
-0.0703231434025291,-0.5411724329406624,-0.15199437229978052
-0.0703231434025291,-0.5411724329406624,-0.15199437229978052
-0.0703231434025291,-0.5411724329406624,-0.15199437229978052
-0.0703231434025291,-0.5411724329406624,-0.15199437229978052
-0.0703231434025291,-0.5411724329406624,-0.15199437229978052
0.06709782963508104,0.5756809852947242,-0.1285972607133541
0.06709782963508104,0.5756809852947242,-0.1285972607133541
0.06709782963508104,0.5756809852947242,-0.1285972607133541
0.06709782963508104,0.5756809852947242,-0.1285972607133541
0.06709782963508104,0.5756809852947242,-0.1285972607133541
0.19472496367125203,2.131592668917243,0.033178311551907314
0.19472496367125203,2.131592668917243,0.033178311551907314
0.19472496367125203,2.131592668917243,0.033178311551907314
0.19472496367125203,2.131592668917243,0.033178311551907314
0.19472496367125203,2.131592668917243,0.033178311551907314
-0.15378974496300302,-0.7154196764149745,0.2707594729707523
-0.15378974496300302,-0.7154196764149745,0.2707594729707523
-0.15378974496300302,-0.7154196764149745,0.2707594729707523
-0.15378974496300302,-0.7154196764149745,0.2707594729707523
-0.15378974496300302,-0.7154196764149745,0.2707594729707523
0.07198722467726526,-0.8616982434025573,0.11339399931419436
0.07198722467726526,-0.8616982434025573,0.11339399931419436
0.07198722467726526,-0.8616982434025573,0.11339399931419436
0.07198722467726526,-0.8616982434025573,0.11339399931419436
0.07198722467726526,-0.8616982434025573,0.11339399931419436
-0.09741477207225202,0.38734961798191136,-0.02414167191367156
-0.09741477207225202,0.38734961798191136,-0.02414167191367156
-0.09741477207225202,0.38734961798191136,-0.02414167191367156
-0.09741477207225202,0.38734961798191136,-0.02414167191367156
-0.09741477207225202,0.38734961798191136,-0.02414167191367156
-0.17505657785577,-1.0834044288841014,0.014476154558023424
-0.17505657785577,-1.0834044288841014,0.014476154558023424
-0.17505657785577,-1.0834044288841014,0.014476154558023424
-0.17505657785577,-1.0834044288841014,0.014476154558023424
-0.17505657785577,-1.0834044288841014,0.014476154558023424
-0.0190005683967307,0.6555778760889339,-0.020702243289852262
-0.0190005683967307,0.6555778760889339,-0.020702243289852262
-0.0190005683967307,0.6555778760889339,-0.020702243289852262
-0.0190005683967307,0.6555778760889339,-0.020702243289852262
-0.0190005683967307,0.6555778760889339,-0.020702243289852262
0.05384984302745366,1.2139900590141153,0.012141958521722174
0.05384984302745366,1.2139900590141153,0.012141958521722174
0.05384984302745366,1.2139900590141153,0.012141958521722174
0.05384984302745366,1.2139900590141153,0.012141958521722174
0.05384984302745366,1.2139900590141153,0.012141958521722174
0.03676997363809065,-1.7852724628421868,-0.06631467868634466
0.03676997363809065,-1.7852724628421868,-0.06631467868634466
0.03676997363809065,-1.7852724628421868,-0.06631467868634466
0.03676997363809065,-1.7852724628421868,-0.06631467868634466
0.03676997363809065,-1.7852724628421868,-0.06631467868634466
-0.03553102657799556,1.9616063289701273,-0.262299230327951
-0.03553102657799556,1.9616063289701273,-0.262299230327951
-0.03553102657799556,1.9616063289701273,-0.262299230327951
-0.03553102657799556,1.9616063289701273,-0.262299230327951
-0.03553102657799556,1.9616063289701273,-0.262299230327951
-0.059388720700301434,-1.434642660130585,-0.05501360536565869
-0.059388720700301434,-1.434642660130585,-0.05501360536565869
-0.059388720700301434,-1.434642660130585,-0.05501360536565869
-0.059388720700301434,-1.434642660130585,-0.05501360536565869
-0.059388720700301434,-1.434642660130585,-0.05501360536565869
0.054443798056080794,-1.7367512651519021,-0.015542276895764928
0.054443798056080794,-1.7367512651519021,-0.015542276895764928
0.054443798056080794,-1.7367512651519021,-0.015542276895764928
0.054443798056080794,-1.7367512651519021,-0.015542276895764928
0.054443798056080794,-1.7367512651519021,-0.015542276895764928
0.08882107953084883,1.6098155499654538,0.0020044330270785338
0.08882107953084883,1.6098155499654538,0.0020044330270785338
0.08882107953084883,1.6098155499654538,0.0020044330270785338
0.08882107953084883,1.6098155499654538,0.0020044330270785338
0.08882107953084883,1.6098155499654538,0.0020044330270785338
0.16732696052729779,3.2362199956682858,0.02664989886484115
0.16732696052729779,3.2362199956682858,0.02664989886484115
0.16732696052729779,3.2362199956682858,0.02664989886484115
0.16732696052729779,3.2362199956682858,0.02664989886484115
0.16732696052729779,3.2362199956682858,0.02664989886484115
-0.15162172912678074,-3.6080925614045682,0.14473593879857027
-0.15162172912678074,-3.6080925614045682,0.14473593879857027
-0.15162172912678074,-3.6080925614045682,0.14473593879857027
-0.15162172912678074,-3.6080925614045682,0.14473593879857027
-0.15162172912678074,-3.6080925614045682,0.14473593879857027
-0.16723828567767285,3.464464502438787,0.12153583603165607
-0.16723828567767285,3.464464502438787,0.12153583603165607
-0.16723828567767285,3.464464502438787,0.12153583603165607
-0.16723828567767285,3.464464502438787,0.12153583603165607
-0.16723828567767285,3.464464502438787,0.12153583603165607
-0.1087030624807035,-1.994275714878846,-0.08745054857270773
-0.1087030624807035,-1.994275714878846,-0.08745054857270773
-0.1087030624807035,-1.994275714878846,-0.08745054857270773
-0.1087030624807035,-1.994275714878846,-0.08745054857270773
-0.1087030624807035,-1.994275714878846,-0.08745054857270773
0.13268334009083205,-1.6501888141368326,0.1725015271523862
0.13268334009083205,-1.6501888141368326,0.1725015271523862
0.13268334009083205,-1.6501888141368326,0.1725015271523862
0.13268334009083205,-1.6501888141368326,0.1725015271523862
0.13268334009083205,-1.6501888141368326,0.1725015271523862
-0.12413901678909767,0.04773333004224156,0.053343700618020407
-0.12413901678909767,0.04773333004224156,0.053343700618020407
-0.12413901678909767,0.04773333004224156,0.053343700618020407
-0.12413901678909767,0.04773333004224156,0.053343700618020407
-0.12413901678909767,0.04773333004224156,0.053343700618020407
-0.007869855185013819,3.094639434261836,-0.20372211133190277
-0.007869855185013819,3.094639434261836,-0.20372211133190277
-0.007869855185013819,3.094639434261836,-0.20372211133190277
-0.007869855185013819,3.094639434261836,-0.20372211133190277
-0.007869855185013819,3.094639434261836,-0.20372211133190277
-0.009596266856352287,1.3147870225118226,-0.1481315255349358
-0.009596266856352287,1.3147870225118226,-0.1481315255349358
-0.009596266856352287,1.3147870225118226,-0.1481315255349358
-0.009596266856352287,1.3147870225118226,-0.1481315255349358
-0.009596266856352287,1.3147870225118226,-0.1481315255349358
0.053565103436213235,-2.248144761758944,-0.17401621797668376
0.053565103436213235,-2.248144761758944,-0.17401621797668376
0.053565103436213235,-2.248144761758944,-0.17401621797668376
0.053565103436213235,-2.248144761758944,-0.17401621797668376
0.053565103436213235,-2.248144761758944,-0.17401621797668376
-0.08914668513294544,-0.545248941821022,-0.10171965035531727
-0.08914668513294544,-0.545248941821022,-0.10171965035531727
-0.08914668513294544,-0.545248941821022,-0.10171965035531727
-0.08914668513294544,-0.545248941821022,-0.10171965035531727
-0.08914668513294544,-0.545248941821022,-0.10171965035531727
-0.15299671060835252,0.2633656714737924,-0.09818446318108087
-0.15299671060835252,0.2633656714737924,-0.09818446318108087
-0.15299671060835252,0.2633656714737924,-0.09818446318108087
-0.15299671060835252,0.2633656714737924,-0.09818446318108087
-0.15299671060835252,0.2633656714737924,-0.09818446318108087
-0.31602752135735557,1.1065465859177621,0.09284709620061449
-0.31602752135735557,1.1065465859177621,0.09284709620061449
-0.31602752135735557,1.1065465859177621,0.09284709620061449
-0.31602752135735557,1.1065465859177621,0.09284709620061449
-0.31602752135735557,1.1065465859177621,0.09284709620061449
-0.23343801396326214,-2.749831406350637,-0.0454454065605816
-0.23343801396326214,-2.749831406350637,-0.0454454065605816
-0.23343801396326214,-2.749831406350637,-0.0454454065605816
-0.23343801396326214,-2.749831406350637,-0.0454454065605816
-0.23343801396326214,-2.749831406350637,-0.0454454065605816
-0.16784203011527765,2.0387013938253347,-0.17388837515483146
-0.16784203011527765,2.0387013938253347,-0.17388837515483146
-0.16784203011527765,2.0387013938253347,-0.17388837515483146
-0.16784203011527765,2.0387013938253347,-0.17388837515483146
-0.16784203011527765,2.0387013938253347,-0.17388837515483146
-0.10987539168268157,-0.5371882858870123,0.0501027162169585
-0.10987539168268157,-0.5371882858870123,0.0501027162169585
-0.10987539168268157,-0.5371882858870123,0.0501027162169585
-0.10987539168268157,-0.5371882858870123,0.0501027162169585
-0.10987539168268157,-0.5371882858870123,0.0501027162169585
-0.17154986281336448,-0.520805442998423,-0.12027174942811669
-0.17154986281336448,-0.520805442998423,-0.12027174942811669
-0.17154986281336448,-0.520805442998423,-0.12027174942811669
-0.17154986281336448,-0.520805442998423,-0.12027174942811669
-0.17154986281336448,-0.520805442998423,-0.12027174942811669
-0.25853012022689015,-1.3543944446408247,0.031961513184757706
-0.25853012022689015,-1.3543944446408247,0.031961513184757706
-0.25853012022689015,-1.3543944446408247,0.031961513184757706
-0.25853012022689015,-1.3543944446408247,0.031961513184757706
-0.25853012022689015,-1.3543944446408247,0.031961513184757706
0.04018297274307869,0.44792731405382114,-0.007788632642617088
0.04018297274307869,0.44792731405382114,-0.007788632642617088
0.04018297274307869,0.44792731405382114,-0.007788632642617088
0.04018297274307869,0.44792731405382114,-0.007788632642617088
0.04018297274307869,0.44792731405382114,-0.007788632642617088
-0.08420586970015975,-0.5533788401190805,0.1179950733736117
-0.08420586970015975,-0.5533788401190805,0.1179950733736117
-0.08420586970015975,-0.5533788401190805,0.1179950733736117
-0.08420586970015975,-0.5533788401190805,0.1179950733736117
-0.08420586970015975,-0.5533788401190805,0.1179950733736117
-0.05262824673560473,1.9972969747192053,-0.1001152205498883
-0.05262824673560473,1.9972969747192053,-0.1001152205498883
-0.05262824673560473,1.9972969747192053,-0.1001152205498883
-0.05262824673560473,1.9972969747192053,-0.1001152205498883
-0.05262824673560473,1.9972969747192053,-0.1001152205498883
-0.31190492930604563,0.0892663269181142,-0.1203912413013164
-0.31190492930604563,0.0892663269181142,-0.1203912413013164
-0.31190492930604563,0.0892663269181142,-0.1203912413013164
-0.31190492930604563,0.0892663269181142,-0.1203912413013164
-0.31190492930604563,0.0892663269181142,-0.1203912413013164
-0.13540055328765987,-0.05256633383378784,-0.08168378880457539
-0.13540055328765987,-0.05256633383378784,-0.08168378880457539
-0.13540055328765987,-0.05256633383378784,-0.08168378880457539
-0.13540055328765987,-0.05256633383378784,-0.08168378880457539
-0.13540055328765987,-0.05256633383378784,-0.08168378880457539
0.08166936867240082,-0.5668497730050248,0.030081841226829553
0.08166936867240082,-0.5668497730050248,0.030081841226829553
0.08166936867240082,-0.5668497730050248,0.030081841226829553
0.08166936867240082,-0.5668497730050248,0.030081841226829553
0.08166936867240082,-0.5668497730050248,0.030081841226829553
-0.09821182762039271,-2.5358235165620044,0.33990835014580867
-0.09821182762039271,-2.5358235165620044,0.33990835014580867
-0.09821182762039271,-2.5358235165620044,0.33990835014580867
-0.09821182762039271,-2.5358235165620044,0.33990835014580867
-0.09821182762039271,-2.5358235165620044,0.33990835014580867
0.09481796805094334,3.5,0.01723078639842157
0.09481796805094334,3.5,0.01723078639842157
0.09481796805094334,3.5,0.01723078639842157
0.09481796805094334,3.5,0.01723078639842157
0.09481796805094334,3.5,0.01723078639842157
0.06106517361294905,-0.24078227834814925,-0.10809689931140198
0.06106517361294905,-0.24078227834814925,-0.10809689931140198
0.06106517361294905,-0.24078227834814925,-0.10809689931140198
0.06106517361294905,-0.24078227834814925,-0.10809689931140198
0.06106517361294905,-0.24078227834814925,-0.10809689931140198
0.1142177505055777,1.5576768350429262,-0.03338298116825733
0.1142177505055777,1.5576768350429262,-0.03338298116825733
0.1142177505055777,1.5576768350429262,-0.03338298116825733
0.1142177505055777,1.5576768350429262,-0.03338298116825733
0.1142177505055777,1.5576768350429262,-0.03338298116825733
0.02497581393844328,-2.634578569796105,0.18730967756367356
0.02497581393844328,-2.634578569796105,0.18730967756367356
0.02497581393844328,-2.634578569796105,0.18730967756367356
0.02497581393844328,-2.634578569796105,0.18730967756367356
0.02497581393844328,-2.634578569796105,0.18730967756367356
0.06019679353835272,3.35069391608468,0.11177452338890603
0.06019679353835272,3.35069391608468,0.11177452338890603
0.06019679353835272,3.35069391608468,0.11177452338890603
0.06019679353835272,3.35069391608468,0.11177452338890603
0.06019679353835272,3.35069391608468,0.11177452338890603
0.04504847052636052,-1.4755010440507306,0.009681721198367299
0.04504847052636052,-1.4755010440507306,0.009681721198367299
0.04504847052636052,-1.4755010440507306,0.009681721198367299
0.04504847052636052,-1.4755010440507306,0.009681721198367299
0.04504847052636052,-1.4755010440507306,0.009681721198367299
-0.04477864485399863,0.988336685402551,-0.01859528692566137
-0.04477864485399863,0.988336685402551,-0.01859528692566137
-0.04477864485399863,0.988336685402551,-0.01859528692566137
-0.04477864485399863,0.988336685402551,-0.01859528692566137
-0.04477864485399863,0.988336685402551,-0.01859528692566137
-0.07734130369349046,-0.7944261919686326,-0.00014543144125589436
-0.07734130369349046,-0.7944261919686326,-0.00014543144125589436
-0.07734130369349046,-0.7944261919686326,-0.00014543144125589436
-0.07734130369349046,-0.7944261919686326,-0.00014543144125589436
-0.07734130369349046,-0.7944261919686326,-0.00014543144125589436
-0.08855475080971331,0.13405773760746342,-0.006853864154777511
-0.08855475080971331,0.13405773760746342,-0.006853864154777511
-0.08855475080971331,0.13405773760746342,-0.006853864154777511
-0.08855475080971331,0.13405773760746342,-0.006853864154777511
-0.08855475080971331,0.13405773760746342,-0.006853864154777511
-0.06739363841280976,1.4314789794731126,0.1638424734723536
-0.06739363841280976,1.4314789794731126,0.1638424734723536
-0.06739363841280976,1.4314789794731126,0.1638424734723536
-0.06739363841280976,1.4314789794731126,0.1638424734723536
-0.06739363841280976,1.4314789794731126,0.1638424734723536
0.2390050023875503,-0.4092367284050056,0.19881436926066876
0.2390050023875503,-0.4092367284050056,0.19881436926066876
0.2390050023875503,-0.4092367284050056,0.19881436926066876
0.2390050023875503,-0.4092367284050056,0.19881436926066876
0.2390050023875503,-0.4092367284050056,0.19881436926066876
0.05041664762106279,-3.1195378243308056,-0.08888662573421868
0.05041664762106279,-3.1195378243308056,-0.08888662573421868
0.05041664762106279,-3.1195378243308056,-0.08888662573421868
0.05041664762106279,-3.1195378243308056,-0.08888662573421868
0.05041664762106279,-3.1195378243308056,-0.08888662573421868
0.09445758883476785,3.5,-0.052940005437873694
0.09445758883476785,3.5,-0.052940005437873694
0.09445758883476785,3.5,-0.052940005437873694
0.09445758883476785,3.5,-0.052940005437873694
0.09445758883476785,3.5,-0.052940005437873694
0.10877912417413782,-3.1071639113364995,0.03609331408801353
0.10877912417413782,-3.1071639113364995,0.03609331408801353
0.10877912417413782,-3.1071639113364995,0.03609331408801353
0.10877912417413782,-3.1071639113364995,0.03609331408801353
0.10877912417413782,-3.1071639113364995,0.03609331408801353
0.2261019682733476,1.6539395478065515,-0.09116477253354383
0.2261019682733476,1.6539395478065515,-0.09116477253354383
0.2261019682733476,1.6539395478065515,-0.09116477253354383
0.2261019682733476,1.6539395478065515,-0.09116477253354383
0.2261019682733476,1.6539395478065515,-0.09116477253354383
0.03586892353935056,-0.6544264529221024,0.04765920316219763
0.03586892353935056,-0.6544264529221024,0.04765920316219763
0.03586892353935056,-0.6544264529221024,0.04765920316219763
0.03586892353935056,-0.6544264529221024,0.04765920316219763
0.03586892353935056,-0.6544264529221024,0.04765920316219763
0.030030033918059473,-0.6078037734155544,-0.033016304010279995
0.030030033918059473,-0.6078037734155544,-0.033016304010279995
0.030030033918059473,-0.6078037734155544,-0.033016304010279995
0.030030033918059473,-0.6078037734155544,-0.033016304010279995
0.030030033918059473,-0.6078037734155544,-0.033016304010279995
0.10703321265742716,0.6802122980401961,-0.00017927659399319396
0.10703321265742716,0.6802122980401961,-0.00017927659399319396
0.10703321265742716,0.6802122980401961,-0.00017927659399319396
0.10703321265742716,0.6802122980401961,-0.00017927659399319396
0.10703321265742716,0.6802122980401961,-0.00017927659399319396
0.16409746182474194,0.6858795355477767,0.11823946192156143
0.16409746182474194,0.6858795355477767,0.11823946192156143
0.16409746182474194,0.6858795355477767,0.11823946192156143
0.16409746182474194,0.6858795355477767,0.11823946192156143
0.16409746182474194,0.6858795355477767,0.11823946192156143
0.20967634621158027,0.8635097963559133,-0.051908727049726267
0.20967634621158027,0.8635097963559133,-0.051908727049726267
0.20967634621158027,0.8635097963559133,-0.051908727049726267
0.20967634621158027,0.8635097963559133,-0.051908727049726267
0.20967634621158027,0.8635097963559133,-0.051908727049726267
-0.02203869864795749,-3.1657346305217615,0.11444117984943247
-0.02203869864795749,-3.1657346305217615,0.11444117984943247
-0.02203869864795749,-3.1657346305217615,0.11444117984943247
-0.02203869864795749,-3.1657346305217615,0.11444117984943247
-0.02203869864795749,-3.1657346305217615,0.11444117984943247
0.1522099719542389,2.5523507835388486,0.04381554348069727
0.1522099719542389,2.5523507835388486,0.04381554348069727
0.1522099719542389,2.5523507835388486,0.04381554348069727
0.1522099719542389,2.5523507835388486,0.04381554348069727
0.1522099719542389,2.5523507835388486,0.04381554348069727
-0.1295717329562791,0.2935495600054594,-0.07333736667971635
-0.1295717329562791,0.2935495600054594,-0.07333736667971635
-0.1295717329562791,0.2935495600054594,-0.07333736667971635
-0.1295717329562791,0.2935495600054594,-0.07333736667971635
-0.1295717329562791,0.2935495600054594,-0.07333736667971635
0.009457487883146598,2.1577668445005784,0.009614597565299476
0.009457487883146598,2.1577668445005784,0.009614597565299476
0.009457487883146598,2.1577668445005784,0.009614597565299476
0.009457487883146598,2.1577668445005784,0.009614597565299476
0.009457487883146598,2.1577668445005784,0.009614597565299476
0.018593183330004592,-3.1012999725936723,-0.08648856312830233
0.018593183330004592,-3.1012999725936723,-0.08648856312830233
0.018593183330004592,-3.1012999725936723,-0.08648856312830233
0.018593183330004592,-3.1012999725936723,-0.08648856312830233
0.018593183330004592,-3.1012999725936723,-0.08648856312830233
-0.24412596970404365,-3.1873913445910134,0.04375629917422863
-0.24412596970404365,-3.1873913445910134,0.04375629917422863
-0.24412596970404365,-3.1873913445910134,0.04375629917422863
-0.24412596970404365,-3.1873913445910134,0.04375629917422863
-0.24412596970404365,-3.1873913445910134,0.04375629917422863
0.06379702503600981,2.5377782152012784,-0.22136872979863398
0.06379702503600981,2.5377782152012784,-0.22136872979863398
0.06379702503600981,2.5377782152012784,-0.22136872979863398
0.06379702503600981,2.5377782152012784,-0.22136872979863398
0.06379702503600981,2.5377782152012784,-0.22136872979863398
0.03291414593551423,-3.203455680733356,0.015450768555815841
0.03291414593551423,-3.203455680733356,0.015450768555815841
0.03291414593551423,-3.203455680733356,0.015450768555815841
0.03291414593551423,-3.203455680733356,0.015450768555815841
0.03291414593551423,-3.203455680733356,0.015450768555815841
-0.029871458436964815,2.5999423467658005,-0.029438757575917407
-0.029871458436964815,2.5999423467658005,-0.029438757575917407
-0.029871458436964815,2.5999423467658005,-0.029438757575917407
-0.029871458436964815,2.5999423467658005,-0.029438757575917407
-0.029871458436964815,2.5999423467658005,-0.029438757575917407
-0.09042036967298017,-0.5627355933908262,-0.23127592430034483
-0.09042036967298017,-0.5627355933908262,-0.23127592430034483
-0.09042036967298017,-0.5627355933908262,-0.23127592430034483
-0.09042036967298017,-0.5627355933908262,-0.23127592430034483
-0.09042036967298017,-0.5627355933908262,-0.23127592430034483
0.05931746133426685,-1.7875998378986822,-0.028286282370435956
0.05931746133426685,-1.7875998378986822,-0.028286282370435956
0.05931746133426685,-1.7875998378986822,-0.028286282370435956
0.05931746133426685,-1.7875998378986822,-0.028286282370435956
0.05931746133426685,-1.7875998378986822,-0.028286282370435956
-0.10742002327366862,2.487551151164773,-0.08161042287591869
-0.10742002327366862,2.487551151164773,-0.08161042287591869
-0.10742002327366862,2.487551151164773,-0.08161042287591869
-0.10742002327366862,2.487551151164773,-0.08161042287591869
-0.10742002327366862,2.487551151164773,-0.08161042287591869
-0.2606745538598858,-2.01625378382262,-0.09693827156215029
-0.2606745538598858,-2.01625378382262,-0.09693827156215029
-0.2606745538598858,-2.01625378382262,-0.09693827156215029
-0.2606745538598858,-2.01625378382262,-0.09693827156215029
-0.2606745538598858,-2.01625378382262,-0.09693827156215029
0.00999745146760489,0.9280626395009364,-0.21061077437993347
0.00999745146760489,0.9280626395009364,-0.21061077437993347
0.00999745146760489,0.9280626395009364,-0.21061077437993347
0.00999745146760489,0.9280626395009364,-0.21061077437993347
0.00999745146760489,0.9280626395009364,-0.21061077437993347
0.017215127583341427,1.2399460117088594,-0.15128315643017842
0.017215127583341427,1.2399460117088594,-0.15128315643017842
0.017215127583341427,1.2399460117088594,-0.15128315643017842
0.017215127583341427,1.2399460117088594,-0.15128315643017842
0.017215127583341427,1.2399460117088594,-0.15128315643017842
0.1261412125360124,-2.022976916015935,0.07227331055764452
0.1261412125360124,-2.022976916015935,0.07227331055764452
0.1261412125360124,-2.022976916015935,0.07227331055764452
0.1261412125360124,-2.022976916015935,0.07227331055764452
0.1261412125360124,-2.022976916015935,0.07227331055764452
0.18641549583083616,0.22359201988314226,0.18109872306932218
0.18641549583083616,0.22359201988314226,0.18109872306932218
0.18641549583083616,0.22359201988314226,0.18109872306932218
0.18641549583083616,0.22359201988314226,0.18109872306932218
0.18641549583083616,0.22359201988314226,0.18109872306932218
0.030798941923926293,1.4232678615082577,0.0984147665496291
0.030798941923926293,1.4232678615082577,0.0984147665496291
0.030798941923926293,1.4232678615082577,0.0984147665496291
0.030798941923926293,1.4232678615082577,0.0984147665496291
0.030798941923926293,1.4232678615082577,0.0984147665496291
0.16171846835522175,-1.1115932207725976,0.05788533005198637
0.16171846835522175,-1.1115932207725976,0.05788533005198637
0.16171846835522175,-1.1115932207725976,0.05788533005198637
0.16171846835522175,-1.1115932207725976,0.05788533005198637
0.16171846835522175,-1.1115932207725976,0.05788533005198637
0.12669658680752605,-0.7524554704837172,-0.04652061641804295
0.12669658680752605,-0.7524554704837172,-0.04652061641804295
0.12669658680752605,-0.7524554704837172,-0.04652061641804295
0.12669658680752605,-0.7524554704837172,-0.04652061641804295
0.12669658680752605,-0.7524554704837172,-0.04652061641804295
0.2893106467124653,1.4086291733518124,-0.07953013023173128
0.2893106467124653,1.4086291733518124,-0.07953013023173128
0.2893106467124653,1.4086291733518124,-0.07953013023173128
0.2893106467124653,1.4086291733518124,-0.07953013023173128
0.2893106467124653,1.4086291733518124,-0.07953013023173128
0.1374215072826317,0.9253202683903865,0.04308847998435894
0.1374215072826317,0.9253202683903865,0.04308847998435894
0.1374215072826317,0.9253202683903865,0.04308847998435894
0.1374215072826317,0.9253202683903865,0.04308847998435894
0.1374215072826317,0.9253202683903865,0.04308847998435894
0.07423828004393584,-3.1085078082738278,-0.020539361312446047
0.07423828004393584,-3.1085078082738278,-0.020539361312446047
0.07423828004393584,-3.1085078082738278,-0.020539361312446047
0.07423828004393584,-3.1085078082738278,-0.020539361312446047
0.07423828004393584,-3.1085078082738278,-0.020539361312446047
-0.09907685551720036,1.9827699218452466,0.04595343986926537
-0.09907685551720036,1.9827699218452466,0.04595343986926537
-0.09907685551720036,1.9827699218452466,0.04595343986926537
-0.09907685551720036,1.9827699218452466,0.04595343986926537
-0.09907685551720036,1.9827699218452466,0.04595343986926537
0.02962560921781332,-3.584747068602873,0.1168978324078136
0.02962560921781332,-3.584747068602873,0.1168978324078136
0.02962560921781332,-3.584747068602873,0.1168978324078136
0.02962560921781332,-3.584747068602873,0.1168978324078136
0.02962560921781332,-3.584747068602873,0.1168978324078136
-0.159001992197215,3.238199811310551,0.00879114323156216
-0.159001992197215,3.238199811310551,0.00879114323156216
-0.159001992197215,3.238199811310551,0.00879114323156216
-0.159001992197215,3.238199811310551,0.00879114323156216
-0.159001992197215,3.238199811310551,0.00879114323156216
0.003273436553950404,-3.5028533192801206,0.1188122201648909
0.003273436553950404,-3.5028533192801206,0.1188122201648909
0.003273436553950404,-3.5028533192801206,0.1188122201648909
0.003273436553950404,-3.5028533192801206,0.1188122201648909
0.003273436553950404,-3.5028533192801206,0.1188122201648909
0.16304115478836678,3.5,0.2378843476760366
0.16304115478836678,3.5,0.2378843476760366
0.16304115478836678,3.5,0.2378843476760366
0.16304115478836678,3.5,0.2378843476760366
0.16304115478836678,3.5,0.2378843476760366
0.2569424153007631,-0.1097559204961911,0.17834738224328817
0.2569424153007631,-0.1097559204961911,0.17834738224328817
0.2569424153007631,-0.1097559204961911,0.17834738224328817
0.2569424153007631,-0.1097559204961911,0.17834738224328817
0.2569424153007631,-0.1097559204961911,0.17834738224328817
0.025915002298873446,0.681279463049627,0.055365325625768236
0.025915002298873446,0.681279463049627,0.055365325625768236
0.025915002298873446,0.681279463049627,0.055365325625768236
0.025915002298873446,0.681279463049627,0.055365325625768236
0.025915002298873446,0.681279463049627,0.055365325625768236
-0.09581042095343406,1.264937021387361,-0.22460116785801176
-0.09581042095343406,1.264937021387361,-0.22460116785801176
-0.09581042095343406,1.264937021387361,-0.22460116785801176
-0.09581042095343406,1.264937021387361,-0.22460116785801176
-0.09581042095343406,1.264937021387361,-0.22460116785801176
-0.1177807002292397,-3.1960617856265827,0.1012496768128841
-0.1177807002292397,-3.1960617856265827,0.1012496768128841
-0.1177807002292397,-3.1960617856265827,0.1012496768128841
-0.1177807002292397,-3.1960617856265827,0.1012496768128841
-0.1177807002292397,-3.1960617856265827,0.1012496768128841
-0.1329537526965865,-1.865633730694114,0.24706378874229706
-0.1329537526965865,-1.865633730694114,0.24706378874229706
-0.1329537526965865,-1.865633730694114,0.24706378874229706
-0.1329537526965865,-1.865633730694114,0.24706378874229706
-0.1329537526965865,-1.865633730694114,0.24706378874229706
-0.03920722419887568,3.5,-0.061306707445046627
-0.03920722419887568,3.5,-0.061306707445046627
-0.03920722419887568,3.5,-0.061306707445046627
-0.03920722419887568,3.5,-0.061306707445046627
-0.03920722419887568,3.5,-0.061306707445046627
-0.3673280445390219,1.0315987055299587,-0.02427024477684192
-0.3673280445390219,1.0315987055299587,-0.02427024477684192
-0.3673280445390219,1.0315987055299587,-0.02427024477684192
-0.3673280445390219,1.0315987055299587,-0.02427024477684192
-0.3673280445390219,1.0315987055299587,-0.02427024477684192
-0.19366710350388416,1.8296507839816911,0.05150278492181748
-0.19366710350388416,1.8296507839816911,0.05150278492181748
-0.19366710350388416,1.8296507839816911,0.05150278492181748
-0.19366710350388416,1.8296507839816911,0.05150278492181748
-0.19366710350388416,1.8296507839816911,0.05150278492181748
-0.1610963636110796,0.4567046046396044,0.05556917252997806
-0.1610963636110796,0.4567046046396044,0.05556917252997806
-0.1610963636110796,0.4567046046396044,0.05556917252997806
-0.1610963636110796,0.4567046046396044,0.05556917252997806
-0.1610963636110796,0.4567046046396044,0.05556917252997806
-0.011494516536764365,0.23957270165616507,-0.0491543560694403
-0.011494516536764365,0.23957270165616507,-0.0491543560694403
-0.011494516536764365,0.23957270165616507,-0.0491543560694403
-0.011494516536764365,0.23957270165616507,-0.0491543560694403
-0.011494516536764365,0.23957270165616507,-0.0491543560694403
-0.020847334672009055,0.8325753431452583,0.00910474751855439
-0.020847334672009055,0.8325753431452583,0.00910474751855439
-0.020847334672009055,0.8325753431452583,0.00910474751855439
-0.020847334672009055,0.8325753431452583,0.00910474751855439
-0.020847334672009055,0.8325753431452583,0.00910474751855439
0.2549470043154223,-0.9898832655169016,0.0888879794500248
0.2549470043154223,-0.9898832655169016,0.0888879794500248
0.2549470043154223,-0.9898832655169016,0.0888879794500248
0.2549470043154223,-0.9898832655169016,0.0888879794500248
0.2549470043154223,-0.9898832655169016,0.0888879794500248
0.2744670988352276,0.4941701181229945,-0.1323066254747438
0.2744670988352276,0.4941701181229945,-0.1323066254747438
0.2744670988352276,0.4941701181229945,-0.1323066254747438
0.2744670988352276,0.4941701181229945,-0.1323066254747438
0.2744670988352276,0.4941701181229945,-0.1323066254747438
0.12824074243503603,-1.3126203315370262,0.1592181600187086
0.12824074243503603,-1.3126203315370262,0.1592181600187086
0.12824074243503603,-1.3126203315370262,0.1592181600187086
0.12824074243503603,-1.3126203315370262,0.1592181600187086
0.12824074243503603,-1.3126203315370262,0.1592181600187086
0.04487701359287399,1.7510813321353353,0.04867685206829542
0.04487701359287399,1.7510813321353353,0.04867685206829542
0.04487701359287399,1.7510813321353353,0.04867685206829542
0.04487701359287399,1.7510813321353353,0.04867685206829542
0.04487701359287399,1.7510813321353353,0.04867685206829542
