c0.a,c1.a,i0.a
0.0,-6.56,0.0
0.0,-6.56,0.0
0.0,-6.56,0.0
0.0,-6.56,0.0
0.0,-6.56,0.0
0.2134262267349989,-6.56,0.3178780009221214
0.2134262267349989,-6.56,0.3178780009221214
0.2134262267349989,-6.56,0.3178780009221214
0.2134262267349989,-6.56,0.3178780009221214
0.2134262267349989,-6.56,0.3178780009221214
0.025899646586740488,-6.56,-0.5142881077676691
0.025899646586740488,-6.56,-0.5142881077676691
0.025899646586740488,-6.56,-0.5142881077676691
0.025899646586740488,-6.56,-0.5142881077676691
0.025899646586740488,-6.56,-0.5142881077676691
3.5,3.5,-0.13636695920178354
3.5,3.5,-0.13636695920178354
3.5,3.5,-0.13636695920178354
3.5,3.5,-0.13636695920178354
3.5,3.5,-0.13636695920178354
3.5,3.5,-0.19664912756813635
3.5,3.5,-0.19664912756813635
3.5,3.5,-0.19664912756813635
3.5,3.5,-0.19664912756813635
3.5,3.5,-0.19664912756813635
3.5,3.5,0.020873465607873953
3.5,3.5,0.020873465607873953
3.5,3.5,0.020873465607873953
3.5,3.5,0.020873465607873953
3.5,3.5,0.020873465607873953
-6.56,3.5,-0.09093655196355144
-6.56,3.5,-0.09093655196355144
-6.56,3.5,-0.09093655196355144
-6.56,3.5,-0.09093655196355144
-6.56,3.5,-0.09093655196355144
-6.56,3.5,0.5078947909055067
-6.56,3.5,0.5078947909055067
-6.56,3.5,0.5078947909055067
-6.56,3.5,0.5078947909055067
-6.56,3.5,0.5078947909055067
-6.56,3.5,0.08989394537525186
-6.56,3.5,0.08989394537525186
-6.56,3.5,0.08989394537525186
-6.56,3.5,0.08989394537525186
-6.56,3.5,0.08989394537525186
-4.763062979629666,3.5,0.11434043595079046
-4.763062979629666,3.5,0.11434043595079046
-4.763062979629666,3.5,0.11434043595079046
-4.763062979629666,3.5,0.11434043595079046
-4.763062979629666,3.5,0.11434043595079046
-1.871603397867693,-6.56,0.20494361975186237
-1.871603397867693,-6.56,0.20494361975186237
-1.871603397867693,-6.56,0.20494361975186237
-1.871603397867693,-6.56,0.20494361975186237
-1.871603397867693,-6.56,0.20494361975186237
-0.15757395364699,-6.56,-0.006872727706220161
-0.15757395364699,-6.56,-0.006872727706220161
-0.15757395364699,-6.56,-0.006872727706220161
-0.15757395364699,-6.56,-0.006872727706220161
-0.15757395364699,-6.56,-0.006872727706220161
-0.28358687487862966,-5.1367665950163115,0.11161769747395311
-0.28358687487862966,-5.1367665950163115,0.11161769747395311
-0.28358687487862966,-5.1367665950163115,0.11161769747395311
-0.28358687487862966,-5.1367665950163115,0.11161769747395311
-0.28358687487862966,-5.1367665950163115,0.11161769747395311
-0.03125922033152584,-4.112558078852729,0.20061101660189706
-0.03125922033152584,-4.112558078852729,0.20061101660189706
-0.03125922033152584,-4.112558078852729,0.20061101660189706
-0.03125922033152584,-4.112558078852729,0.20061101660189706
-0.03125922033152584,-4.112558078852729,0.20061101660189706
-0.21340618433595715,-0.24761621747309093,-0.12524029628030675
-0.21340618433595715,-0.24761621747309093,-0.12524029628030675
-0.21340618433595715,-0.24761621747309093,-0.12524029628030675
-0.21340618433595715,-0.24761621747309093,-0.12524029628030675
-0.21340618433595715,-0.24761621747309093,-0.12524029628030675
3.5,-1.897562679869047,0.006055664794963889
3.5,-1.897562679869047,0.006055664794963889
3.5,-1.897562679869047,0.006055664794963889
3.5,-1.897562679869047,0.006055664794963889
3.5,-1.897562679869047,0.006055664794963889
3.5,0.7526899902649902,0.07384950572154025
3.5,0.7526899902649902,0.07384950572154025
3.5,0.7526899902649902,0.07384950572154025
3.5,0.7526899902649902,0.07384950572154025
3.5,0.7526899902649902,0.07384950572154025
3.5,1.3407112438510609,-0.4223037387237909
3.5,1.3407112438510609,-0.4223037387237909
3.5,1.3407112438510609,-0.4223037387237909
3.5,1.3407112438510609,-0.4223037387237909
3.5,1.3407112438510609,-0.4223037387237909
1.8703842928870529,2.228765841176294,-0.09224164941687718
1.8703842928870529,2.228765841176294,-0.09224164941687718
1.8703842928870529,2.228765841176294,-0.09224164941687718
1.8703842928870529,2.228765841176294,-0.09224164941687718
1.8703842928870529,2.228765841176294,-0.09224164941687718
0.6218342998729973,1.8832648127091147,0.09386331063254261
0.6218342998729973,1.8832648127091147,0.09386331063254261
0.6218342998729973,1.8832648127091147,0.09386331063254261
0.6218342998729973,1.8832648127091147,0.09386331063254261
0.6218342998729973,1.8832648127091147,0.09386331063254261
-0.20633090895942274,1.2001059980697448,0.028511361609037777
-0.20633090895942274,1.2001059980697448,0.028511361609037777
-0.20633090895942274,1.2001059980697448,0.028511361609037777
-0.20633090895942274,1.2001059980697448,0.028511361609037777
-0.20633090895942274,1.2001059980697448,0.028511361609037777
0.1760977107955064,1.5990562698959891,-0.23180836277863293
0.1760977107955064,1.5990562698959891,-0.23180836277863293
0.1760977107955064,1.5990562698959891,-0.23180836277863293
0.1760977107955064,1.5990562698959891,-0.23180836277863293
0.1760977107955064,1.5990562698959891,-0.23180836277863293
0.3779562070798761,0.7021020066795387,0.22407525363922431
0.3779562070798761,0.7021020066795387,0.22407525363922431
0.3779562070798761,0.7021020066795387,0.22407525363922431
0.3779562070798761,0.7021020066795387,0.22407525363922431
0.3779562070798761,0.7021020066795387,0.22407525363922431
0.1311227830899533,0.4481054783094862,-0.45921632821206515
0.1311227830899533,0.4481054783094862,-0.45921632821206515
0.1311227830899533,0.4481054783094862,-0.45921632821206515
0.1311227830899533,0.4481054783094862,-0.45921632821206515
0.1311227830899533,0.4481054783094862,-0.45921632821206515
-0.48580734724131247,1.7231094954311743,-0.4725071981919875
-0.48580734724131247,1.7231094954311743,-0.4725071981919875
-0.48580734724131247,1.7231094954311743,-0.4725071981919875
-0.48580734724131247,1.7231094954311743,-0.4725071981919875
-0.48580734724131247,1.7231094954311743,-0.4725071981919875
0.017826476033533822,-0.3726291594343607,-0.5638825477094613
0.017826476033533822,-0.3726291594343607,-0.5638825477094613
0.017826476033533822,-0.3726291594343607,-0.5638825477094613
0.017826476033533822,-0.3726291594343607,-0.5638825477094613
0.017826476033533822,-0.3726291594343607,-0.5638825477094613
0.19512656091667324,0.9949042535889987,-0.46339454136589
0.19512656091667324,0.9949042535889987,-0.46339454136589
0.19512656091667324,0.9949042535889987,-0.46339454136589
0.19512656091667324,0.9949042535889987,-0.46339454136589
0.19512656091667324,0.9949042535889987,-0.46339454136589
0.23820122848223235,0.3033516712180102,0.09063497458526726
0.23820122848223235,0.3033516712180102,0.09063497458526726
0.23820122848223235,0.3033516712180102,0.09063497458526726
0.23820122848223235,0.3033516712180102,0.09063497458526726
0.23820122848223235,0.3033516712180102,0.09063497458526726
0.30452581963292147,-0.21438795782602682,0.037513640061636266
0.30452581963292147,-0.21438795782602682,0.037513640061636266
0.30452581963292147,-0.21438795782602682,0.037513640061636266
0.30452581963292147,-0.21438795782602682,0.037513640061636266
0.30452581963292147,-0.21438795782602682,0.037513640061636266
0.21351803739114317,0.3249177239845338,0.10732269848937293
0.21351803739114317,0.3249177239845338,0.10732269848937293
0.21351803739114317,0.3249177239845338,0.10732269848937293
0.21351803739114317,0.3249177239845338,0.10732269848937293
0.21351803739114317,0.3249177239845338,0.10732269848937293
0.3583881916576708,-0.7617374686384082,0.08751723122221478
0.3583881916576708,-0.7617374686384082,0.08751723122221478
0.3583881916576708,-0.7617374686384082,0.08751723122221478
0.3583881916576708,-0.7617374686384082,0.08751723122221478
0.3583881916576708,-0.7617374686384082,0.08751723122221478
-0.0894569085844914,-0.5252524940317755,0.28585968200895806
-0.0894569085844914,-0.5252524940317755,0.28585968200895806
-0.0894569085844914,-0.5252524940317755,0.28585968200895806
-0.0894569085844914,-0.5252524940317755,0.28585968200895806
-0.0894569085844914,-0.5252524940317755,0.28585968200895806
0.08812461089779688,1.192733838551355,-0.07241187864692122
0.08812461089779688,1.192733838551355,-0.07241187864692122
0.08812461089779688,1.192733838551355,-0.07241187864692122
0.08812461089779688,1.192733838551355,-0.07241187864692122
0.08812461089779688,1.192733838551355,-0.07241187864692122
-0.013502230255816983,-0.7179657730651385,-0.11368832499637804
-0.013502230255816983,-0.7179657730651385,-0.11368832499637804
-0.013502230255816983,-0.7179657730651385,-0.11368832499637804
-0.013502230255816983,-0.7179657730651385,-0.11368832499637804
-0.013502230255816983,-0.7179657730651385,-0.11368832499637804
-0.04969615156599971,0.14509798948900965,-0.02328081560144568
-0.04969615156599971,0.14509798948900965,-0.02328081560144568
-0.04969615156599971,0.14509798948900965,-0.02328081560144568
-0.04969615156599971,0.14509798948900965,-0.02328081560144568
-0.04969615156599971,0.14509798948900965,-0.02328081560144568
-0.28818191702372076,-0.06005910243315782,-0.2779195974136357
-0.28818191702372076,-0.06005910243315782,-0.2779195974136357
-0.28818191702372076,-0.06005910243315782,-0.2779195974136357
-0.28818191702372076,-0.06005910243315782,-0.2779195974136357
-0.28818191702372076,-0.06005910243315782,-0.2779195974136357
0.3119753751426124,-0.8219618263237578,-0.4552916474902311
0.3119753751426124,-0.8219618263237578,-0.4552916474902311
0.3119753751426124,-0.8219618263237578,-0.4552916474902311
0.3119753751426124,-0.8219618263237578,-0.4552916474902311
0.3119753751426124,-0.8219618263237578,-0.4552916474902311
0.1729103350271508,1.0083175511106859,0.2489761761184539
0.1729103350271508,1.0083175511106859,0.2489761761184539
0.1729103350271508,1.0083175511106859,0.2489761761184539
0.1729103350271508,1.0083175511106859,0.2489761761184539
0.1729103350271508,1.0083175511106859,0.2489761761184539
-0.2717734125242508,-0.10286780297978737,-0.05037774863010469
-0.2717734125242508,-0.10286780297978737,-0.05037774863010469
-0.2717734125242508,-0.10286780297978737,-0.05037774863010469
-0.2717734125242508,-0.10286780297978737,-0.05037774863010469
-0.2717734125242508,-0.10286780297978737,-0.05037774863010469
0.17566072456619963,0.9759002622733775,-0.5088720177049311
0.17566072456619963,0.9759002622733775,-0.5088720177049311
0.17566072456619963,0.9759002622733775,-0.5088720177049311
0.17566072456619963,0.9759002622733775,-0.5088720177049311
0.17566072456619963,0.9759002622733775,-0.5088720177049311
-0.24344423195450204,0.36309857716087635,0.25122844066857297
-0.24344423195450204,0.36309857716087635,0.25122844066857297
-0.24344423195450204,0.36309857716087635,0.25122844066857297
-0.24344423195450204,0.36309857716087635,0.25122844066857297
-0.24344423195450204,0.36309857716087635,0.25122844066857297
0.17031707236106186,-0.16468865101794705,0.015825896656547656
0.17031707236106186,-0.16468865101794705,0.015825896656547656
0.17031707236106186,-0.16468865101794705,0.015825896656547656
0.17031707236106186,-0.16468865101794705,0.015825896656547656
0.17031707236106186,-0.16468865101794705,0.015825896656547656
0.025623396266517773,-0.007242582247691587,0.10019510044782365
0.025623396266517773,-0.007242582247691587,0.10019510044782365
0.025623396266517773,-0.007242582247691587,0.10019510044782365
0.025623396266517773,-0.007242582247691587,0.10019510044782365
0.025623396266517773,-0.007242582247691587,0.10019510044782365
0.0027637550559198587,0.4718087359031813,0.1416847295810726
0.0027637550559198587,0.4718087359031813,0.1416847295810726
0.0027637550559198587,0.4718087359031813,0.1416847295810726
0.0027637550559198587,0.4718087359031813,0.1416847295810726
0.0027637550559198587,0.4718087359031813,0.1416847295810726
-0.01657875431511968,0.02501522946231205,0.029944698004520376
-0.01657875431511968,0.02501522946231205,0.029944698004520376
-0.01657875431511968,0.02501522946231205,0.029944698004520376
-0.01657875431511968,0.02501522946231205,0.029944698004520376
-0.01657875431511968,0.02501522946231205,0.029944698004520376
0.46033218416880217,-0.547562498804453,0.05344848213472986
0.46033218416880217,-0.547562498804453,0.05344848213472986
0.46033218416880217,-0.547562498804453,0.05344848213472986
0.46033218416880217,-0.547562498804453,0.05344848213472986
0.46033218416880217,-0.547562498804453,0.05344848213472986
-0.021590212793487495,1.290902728405527,-0.21297513931428824
-0.021590212793487495,1.290902728405527,-0.21297513931428824
-0.021590212793487495,1.290902728405527,-0.21297513931428824
-0.021590212793487495,1.290902728405527,-0.21297513931428824
-0.021590212793487495,1.290902728405527,-0.21297513931428824
-0.1300923200424684,0.1933991300626161,-0.014783788441341983
-0.1300923200424684,0.1933991300626161,-0.014783788441341983
-0.1300923200424684,0.1933991300626161,-0.014783788441341983
-0.1300923200424684,0.1933991300626161,-0.014783788441341983
-0.1300923200424684,0.1933991300626161,-0.014783788441341983
0.07239171689955981,-0.05809172005771046,0.02352063778175406
0.07239171689955981,-0.05809172005771046,0.02352063778175406
0.07239171689955981,-0.05809172005771046,0.02352063778175406
0.07239171689955981,-0.05809172005771046,0.02352063778175406
0.07239171689955981,-0.05809172005771046,0.02352063778175406
0.1504750617195043,-1.1139461491363178,0.33325455640736834
0.1504750617195043,-1.1139461491363178,0.33325455640736834
0.1504750617195043,-1.1139461491363178,0.33325455640736834
0.1504750617195043,-1.1139461491363178,0.33325455640736834
0.1504750617195043,-1.1139461491363178,0.33325455640736834
0.47901266273598253,1.8115356643500036,-0.1728308592119987
0.47901266273598253,1.8115356643500036,-0.1728308592119987
0.47901266273598253,1.8115356643500036,-0.1728308592119987
0.47901266273598253,1.8115356643500036,-0.1728308592119987
0.47901266273598253,1.8115356643500036,-0.1728308592119987
-0.37250797620718856,-1.1047944743039935,-0.04829319146458033
-0.37250797620718856,-1.1047944743039935,-0.04829319146458033
-0.37250797620718856,-1.1047944743039935,-0.04829319146458033
-0.37250797620718856,-1.1047944743039935,-0.04829319146458033
-0.37250797620718856,-1.1047944743039935,-0.04829319146458033
-0.3962632280201177,0.16567075516128682,-0.47141101293037835
-0.3962632280201177,0.16567075516128682,-0.47141101293037835
-0.3962632280201177,0.16567075516128682,-0.47141101293037835
-0.3962632280201177,0.16567075516128682,-0.47141101293037835
-0.3962632280201177,0.16567075516128682,-0.47141101293037835
-0.1741876261179378,-0.36038058908098236,-0.17867485684589823
-0.1741876261179378,-0.36038058908098236,-0.17867485684589823
-0.1741876261179378,-0.36038058908098236,-0.17867485684589823
-0.1741876261179378,-0.36038058908098236,-0.17867485684589823
-0.1741876261179378,-0.36038058908098236,-0.17867485684589823
-6.56,0.7851075274620811,0.1931286944508699
-6.56,0.7851075274620811,0.1931286944508699
-6.56,0.7851075274620811,0.1931286944508699
-6.56,0.7851075274620811,0.1931286944508699
-6.56,0.7851075274620811,0.1931286944508699
-3.0944853970567934,-3.787278190226999,0.14011977727286506
-3.0944853970567934,-3.787278190226999,0.14011977727286506
-3.0944853970567934,-3.787278190226999,0.14011977727286506
-3.0944853970567934,-3.787278190226999,0.14011977727286506
-3.0944853970567934,-3.787278190226999,0.14011977727286506
-1.438152359763638,-1.7175426355061987,0.13998613290906192
-1.438152359763638,-1.7175426355061987,0.13998613290906192
-1.438152359763638,-1.7175426355061987,0.13998613290906192
-1.438152359763638,-1.7175426355061987,0.13998613290906192
-1.438152359763638,-1.7175426355061987,0.13998613290906192
0.26577235251842346,-1.7424294910247866,-0.09617728906684775
0.26577235251842346,-1.7424294910247866,-0.09617728906684775
0.26577235251842346,-1.7424294910247866,-0.09617728906684775
0.26577235251842346,-1.7424294910247866,-0.09617728906684775
0.26577235251842346,-1.7424294910247866,-0.09617728906684775
-0.09327487036753546,-1.537887894567973,-0.03905206886684098
-0.09327487036753546,-1.537887894567973,-0.03905206886684098
-0.09327487036753546,-1.537887894567973,-0.03905206886684098
-0.09327487036753546,-1.537887894567973,-0.03905206886684098
-0.09327487036753546,-1.537887894567973,-0.03905206886684098
0.0029250778632210483,-0.826706007220654,-0.4330555313380877
0.0029250778632210483,-0.826706007220654,-0.4330555313380877
0.0029250778632210483,-0.826706007220654,-0.4330555313380877
0.0029250778632210483,-0.826706007220654,-0.4330555313380877
0.0029250778632210483,-0.826706007220654,-0.4330555313380877
-0.08685022025287381,-0.6864931427171292,-0.33317804353642444
-0.08685022025287381,-0.6864931427171292,-0.33317804353642444
-0.08685022025287381,-0.6864931427171292,-0.33317804353642444
-0.08685022025287381,-0.6864931427171292,-0.33317804353642444
-0.08685022025287381,-0.6864931427171292,-0.33317804353642444
0.19411810044120692,0.01886946722525451,-0.5891941511968533
0.19411810044120692,0.01886946722525451,-0.5891941511968533
0.19411810044120692,0.01886946722525451,-0.5891941511968533
0.19411810044120692,0.01886946722525451,-0.5891941511968533
0.19411810044120692,0.01886946722525451,-0.5891941511968533
-0.20544954835012952,-1.1325643091106592,-0.23266289439423815
-0.20544954835012952,-1.1325643091106592,-0.23266289439423815
-0.20544954835012952,-1.1325643091106592,-0.23266289439423815
-0.20544954835012952,-1.1325643091106592,-0.23266289439423815
-0.20544954835012952,-1.1325643091106592,-0.23266289439423815
-0.08760619215379428,1.5171890992291246,-0.11423013009531502
-0.08760619215379428,1.5171890992291246,-0.11423013009531502
-0.08760619215379428,1.5171890992291246,-0.11423013009531502
-0.08760619215379428,1.5171890992291246,-0.11423013009531502
-0.08760619215379428,1.5171890992291246,-0.11423013009531502
-0.048475139286043856,-1.5544833455577525,-0.14132171867206367
-0.048475139286043856,-1.5544833455577525,-0.14132171867206367
-0.048475139286043856,-1.5544833455577525,-0.14132171867206367
-0.048475139286043856,-1.5544833455577525,-0.14132171867206367
-0.048475139286043856,-1.5544833455577525,-0.14132171867206367
-0.11237081058060916,-1.330789287317895,-0.41554718576582417
-0.11237081058060916,-1.330789287317895,-0.41554718576582417
-0.11237081058060916,-1.330789287317895,-0.41554718576582417
-0.11237081058060916,-1.330789287317895,-0.41554718576582417
-0.11237081058060916,-1.330789287317895,-0.41554718576582417
3.5,0.035200224162167615,-0.2773502652686517
3.5,0.035200224162167615,-0.2773502652686517
3.5,0.035200224162167615,-0.2773502652686517
3.5,0.035200224162167615,-0.2773502652686517
3.5,0.035200224162167615,-0.2773502652686517
3.5,-0.35092433653295885,0.24379422225672798
3.5,-0.35092433653295885,0.24379422225672798
3.5,-0.35092433653295885,0.24379422225672798
3.5,-0.35092433653295885,0.24379422225672798
3.5,-0.35092433653295885,0.24379422225672798
3.5,1.1074225931587343,-0.20349173249366714
3.5,1.1074225931587343,-0.20349173249366714
3.5,1.1074225931587343,-0.20349173249366714
3.5,1.1074225931587343,-0.20349173249366714
3.5,1.1074225931587343,-0.20349173249366714
3.5,3.5,0.10842682027402617
3.5,3.5,0.10842682027402617
3.5,3.5,0.10842682027402617
3.5,3.5,0.10842682027402617
3.5,3.5,0.10842682027402617
3.5,3.5,-0.27490416527150785
3.5,3.5,-0.27490416527150785
3.5,3.5,-0.27490416527150785
3.5,3.5,-0.27490416527150785
3.5,3.5,-0.27490416527150785
3.5,3.5,-0.34718676931617765
3.5,3.5,-0.34718676931617765
3.5,3.5,-0.34718676931617765
3.5,3.5,-0.34718676931617765
3.5,3.5,-0.34718676931617765
3.5,2.7114507675116073,0.044227782633999624
3.5,2.7114507675116073,0.044227782633999624
3.5,2.7114507675116073,0.044227782633999624
3.5,2.7114507675116073,0.044227782633999624
3.5,2.7114507675116073,0.044227782633999624
2.526253914260071,1.929128224312791,-0.19225314893825995
2.526253914260071,1.929128224312791,-0.19225314893825995
2.526253914260071,1.929128224312791,-0.19225314893825995
2.526253914260071,1.929128224312791,-0.19225314893825995
2.526253914260071,1.929128224312791,-0.19225314893825995
0.9192247123780355,3.5,0.09887351226135621
0.9192247123780355,3.5,0.09887351226135621
0.9192247123780355,3.5,0.09887351226135621
0.9192247123780355,3.5,0.09887351226135621
0.9192247123780355,3.5,0.09887351226135621
0.2879371977699705,3.5,-0.0791941831251286
0.2879371977699705,3.5,-0.0791941831251286
0.2879371977699705,3.5,-0.0791941831251286
0.2879371977699705,3.5,-0.0791941831251286
0.2879371977699705,3.5,-0.0791941831251286
0.1316836671204591,1.5731836359437494,0.11096042197241474
0.1316836671204591,1.5731836359437494,0.11096042197241474
0.1316836671204591,1.5731836359437494,0.11096042197241474
0.1316836671204591,1.5731836359437494,0.11096042197241474
0.1316836671204591,1.5731836359437494,0.11096042197241474
0.45432803859546667,1.0234186413622979,0.42862534088657966
0.45432803859546667,1.0234186413622979,0.42862534088657966
0.45432803859546667,1.0234186413622979,0.42862534088657966
0.45432803859546667,1.0234186413622979,0.42862534088657966
0.45432803859546667,1.0234186413622979,0.42862534088657966
0.28813004382081786,-1.351507241117929,0.2679995353333773
0.28813004382081786,-1.351507241117929,0.2679995353333773
0.28813004382081786,-1.351507241117929,0.2679995353333773
0.28813004382081786,-1.351507241117929,0.2679995353333773
0.28813004382081786,-1.351507241117929,0.2679995353333773
-0.059287019302924904,0.35365864770591315,-0.4409245276457554
-0.059287019302924904,0.35365864770591315,-0.4409245276457554
-0.059287019302924904,0.35365864770591315,-0.4409245276457554
-0.059287019302924904,0.35365864770591315,-0.4409245276457554
-0.059287019302924904,0.35365864770591315,-0.4409245276457554
-0.43945367651935996,0.7709163714579574,-0.39887956138072767
-0.43945367651935996,0.7709163714579574,-0.39887956138072767
-0.43945367651935996,0.7709163714579574,-0.39887956138072767
-0.43945367651935996,0.7709163714579574,-0.39887956138072767
-0.43945367651935996,0.7709163714579574,-0.39887956138072767
0.12725979946015542,0.8202042878546223,-0.01050109010878586
0.12725979946015542,0.8202042878546223,-0.01050109010878586
0.12725979946015542,0.8202042878546223,-0.01050109010878586
0.12725979946015542,0.8202042878546223,-0.01050109010878586
0.12725979946015542,0.8202042878546223,-0.01050109010878586
0.35623812315637693,0.46449550217219837,0.14863187451619808
0.35623812315637693,0.46449550217219837,0.14863187451619808
0.35623812315637693,0.46449550217219837,0.14863187451619808
0.35623812315637693,0.46449550217219837,0.14863187451619808
0.35623812315637693,0.46449550217219837,0.14863187451619808
0.22171729611674706,-0.7788377669511419,0.4200041808320307
0.22171729611674706,-0.7788377669511419,0.4200041808320307
0.22171729611674706,-0.7788377669511419,0.4200041808320307
0.22171729611674706,-0.7788377669511419,0.4200041808320307
0.22171729611674706,-0.7788377669511419,0.4200041808320307
0.06690076697255165,1.2688735158455273,0.4431426556190132
0.06690076697255165,1.2688735158455273,0.4431426556190132
0.06690076697255165,1.2688735158455273,0.4431426556190132
0.06690076697255165,1.2688735158455273,0.4431426556190132
0.06690076697255165,1.2688735158455273,0.4431426556190132
-0.15583839932496346,-0.010987479514440679,0.27405610109158474
-0.15583839932496346,-0.010987479514440679,0.27405610109158474
-0.15583839932496346,-0.010987479514440679,0.27405610109158474
-0.15583839932496346,-0.010987479514440679,0.27405610109158474
-0.15583839932496346,-0.010987479514440679,0.27405610109158474
0.30514747335217507,-0.06270027725395266,-0.22820791470317303
0.30514747335217507,-0.06270027725395266,-0.22820791470317303
0.30514747335217507,-0.06270027725395266,-0.22820791470317303
0.30514747335217507,-0.06270027725395266,-0.22820791470317303
0.30514747335217507,-0.06270027725395266,-0.22820791470317303
0.19277065357111667,1.331905464220867,-0.09059700711939556
0.19277065357111667,1.331905464220867,-0.09059700711939556
0.19277065357111667,1.331905464220867,-0.09059700711939556
0.19277065357111667,1.331905464220867,-0.09059700711939556
0.19277065357111667,1.331905464220867,-0.09059700711939556
-0.1131943382699454,-1.4156478639959147,0.2968714600330884
-0.1131943382699454,-1.4156478639959147,0.2968714600330884
-0.1131943382699454,-1.4156478639959147,0.2968714600330884
-0.1131943382699454,-1.4156478639959147,0.2968714600330884
-0.1131943382699454,-1.4156478639959147,0.2968714600330884
0.07322655092510288,1.1989861621446778,0.3338967960730521
0.07322655092510288,1.1989861621446778,0.3338967960730521
0.07322655092510288,1.1989861621446778,0.3338967960730521
0.07322655092510288,1.1989861621446778,0.3338967960730521
0.07322655092510288,1.1989861621446778,0.3338967960730521
0.06264189363685446,-0.8011697802542272,0.29333675253019464
0.06264189363685446,-0.8011697802542272,0.29333675253019464
0.06264189363685446,-0.8011697802542272,0.29333675253019464
0.06264189363685446,-0.8011697802542272,0.29333675253019464
0.06264189363685446,-0.8011697802542272,0.29333675253019464
-0.23222018868126781,0.21819913429301607,0.6928073101840013
-0.23222018868126781,0.21819913429301607,0.6928073101840013
-0.23222018868126781,0.21819913429301607,0.6928073101840013
-0.23222018868126781,0.21819913429301607,0.6928073101840013
-0.23222018868126781,0.21819913429301607,0.6928073101840013
-0.1690187406116337,0.05327152003030733,0.2414617729299806
-0.1690187406116337,0.05327152003030733,0.2414617729299806
-0.1690187406116337,0.05327152003030733,0.2414617729299806
-0.1690187406116337,0.05327152003030733,0.2414617729299806
-0.1690187406116337,0.05327152003030733,0.2414617729299806
-0.10927648066610374,-0.45668403697879967,0.09620500043531521
-0.10927648066610374,-0.45668403697879967,0.09620500043531521
-0.10927648066610374,-0.45668403697879967,0.09620500043531521
-0.10927648066610374,-0.45668403697879967,0.09620500043531521
-0.10927648066610374,-0.45668403697879967,0.09620500043531521
0.15525092539428798,0.3727191807268184,-0.12006592048821219
0.15525092539428798,0.3727191807268184,-0.12006592048821219
0.15525092539428798,0.3727191807268184,-0.12006592048821219
0.15525092539428798,0.3727191807268184,-0.12006592048821219
0.15525092539428798,0.3727191807268184,-0.12006592048821219
-0.1227649295376736,-0.674540751680766,0.501505993109248
-0.1227649295376736,-0.674540751680766,0.501505993109248
-0.1227649295376736,-0.674540751680766,0.501505993109248
-0.1227649295376736,-0.674540751680766,0.501505993109248
-0.1227649295376736,-0.674540751680766,0.501505993109248
0.2793895745152213,0.8750536431642502,-0.12133453477493816
0.2793895745152213,0.8750536431642502,-0.12133453477493816
0.2793895745152213,0.8750536431642502,-0.12133453477493816
0.2793895745152213,0.8750536431642502,-0.12133453477493816
0.2793895745152213,0.8750536431642502,-0.12133453477493816
-0.24673870553911215,-0.4495157460142849,-0.2955101768252817
-0.24673870553911215,-0.4495157460142849,-0.2955101768252817
-0.24673870553911215,-0.4495157460142849,-0.2955101768252817
-0.24673870553911215,-0.4495157460142849,-0.2955101768252817
-0.24673870553911215,-0.4495157460142849,-0.2955101768252817
-0.337522783627211,0.9806517516038582,-0.2124062810237639
-0.337522783627211,0.9806517516038582,-0.2124062810237639
-0.337522783627211,0.9806517516038582,-0.2124062810237639
-0.337522783627211,0.9806517516038582,-0.2124062810237639
-0.337522783627211,0.9806517516038582,-0.2124062810237639
-0.47846372645406277,-0.6379812851852904,-0.35645771189432907
-0.47846372645406277,-0.6379812851852904,-0.35645771189432907
-0.47846372645406277,-0.6379812851852904,-0.35645771189432907
-0.47846372645406277,-0.6379812851852904,-0.35645771189432907
-0.47846372645406277,-0.6379812851852904,-0.35645771189432907
-0.6775460773935826,1.0125627527880852,0.33952072536536093
-0.6775460773935826,1.0125627527880852,0.33952072536536093
-0.6775460773935826,1.0125627527880852,0.33952072536536093
-0.6775460773935826,1.0125627527880852,0.33952072536536093
-0.6775460773935826,1.0125627527880852,0.33952072536536093
0.09304813552869717,-1.2123014982079496,-0.018851236568242058
0.09304813552869717,-1.2123014982079496,-0.018851236568242058
0.09304813552869717,-1.2123014982079496,-0.018851236568242058
0.09304813552869717,-1.2123014982079496,-0.018851236568242058
0.09304813552869717,-1.2123014982079496,-0.018851236568242058
0.02622016467818966,0.29394102070673966,-0.13208404292210574
0.02622016467818966,0.29394102070673966,-0.13208404292210574
0.02622016467818966,0.29394102070673966,-0.13208404292210574
0.02622016467818966,0.29394102070673966,-0.13208404292210574
0.02622016467818966,0.29394102070673966,-0.13208404292210574
0.15122501962802204,-0.2115410714169741,-0.19323227158208311
0.15122501962802204,-0.2115410714169741,-0.19323227158208311
0.15122501962802204,-0.2115410714169741,-0.19323227158208311
0.15122501962802204,-0.2115410714169741,-0.19323227158208311
0.15122501962802204,-0.2115410714169741,-0.19323227158208311
0.06093727687574102,-0.9410111569753639,0.1746124025992657
0.06093727687574102,-0.9410111569753639,0.1746124025992657
0.06093727687574102,-0.9410111569753639,0.1746124025992657
0.06093727687574102,-0.9410111569753639,0.1746124025992657
0.06093727687574102,-0.9410111569753639,0.1746124025992657
-0.40268757250753495,0.6357911467201234,0.13721277038064628
-0.40268757250753495,0.6357911467201234,0.13721277038064628
-0.40268757250753495,0.6357911467201234,0.13721277038064628
-0.40268757250753495,0.6357911467201234,0.13721277038064628
-0.40268757250753495,0.6357911467201234,0.13721277038064628
3.5,-0.7912013011830368,-0.08956574022389674
3.5,-0.7912013011830368,-0.08956574022389674
3.5,-0.7912013011830368,-0.08956574022389674
3.5,-0.7912013011830368,-0.08956574022389674
3.5,-0.7912013011830368,-0.08956574022389674
3.5,0.34322821445235263,0.1568780261344429
3.5,0.34322821445235263,0.1568780261344429
3.5,0.34322821445235263,0.1568780261344429
3.5,0.34322821445235263,0.1568780261344429
3.5,0.34322821445235263,0.1568780261344429
2.6220232874598466,2.5223898342870967,0.10953535343957199
2.6220232874598466,2.5223898342870967,0.10953535343957199
2.6220232874598466,2.5223898342870967,0.10953535343957199
2.6220232874598466,2.5223898342870967,0.10953535343957199
2.6220232874598466,2.5223898342870967,0.10953535343957199
0.7282317909630365,2.544919605246733,0.1411484472932507
0.7282317909630365,2.544919605246733,0.1411484472932507
0.7282317909630365,2.544919605246733,0.1411484472932507
0.7282317909630365,2.544919605246733,0.1411484472932507
0.7282317909630365,2.544919605246733,0.1411484472932507
0.59600550895113,1.7986279550265323,0.39821283058599377
0.59600550895113,1.7986279550265323,0.39821283058599377
0.59600550895113,1.7986279550265323,0.39821283058599377
0.59600550895113,1.7986279550265323,0.39821283058599377
0.59600550895113,1.7986279550265323,0.39821283058599377
0.26551902143368267,1.916539585074858,-0.12178225081654048
0.26551902143368267,1.916539585074858,-0.12178225081654048
0.26551902143368267,1.916539585074858,-0.12178225081654048
0.26551902143368267,1.916539585074858,-0.12178225081654048
0.26551902143368267,1.916539585074858,-0.12178225081654048
0.1849646516791026,0.26261278035896396,-0.16770648774732066
0.1849646516791026,0.26261278035896396,-0.16770648774732066
0.1849646516791026,0.26261278035896396,-0.16770648774732066
0.1849646516791026,0.26261278035896396,-0.16770648774732066
0.1849646516791026,0.26261278035896396,-0.16770648774732066
0.465952584528452,1.1317376380151387,0.19724818460241522
0.465952584528452,1.1317376380151387,0.19724818460241522
0.465952584528452,1.1317376380151387,0.19724818460241522
0.465952584528452,1.1317376380151387,0.19724818460241522
0.465952584528452,1.1317376380151387,0.19724818460241522
-0.07137794283723764,-0.11303441815506687,0.0369479140039779
-0.07137794283723764,-0.11303441815506687,0.0369479140039779
-0.07137794283723764,-0.11303441815506687,0.0369479140039779
-0.07137794283723764,-0.11303441815506687,0.0369479140039779
-0.07137794283723764,-0.11303441815506687,0.0369479140039779
-0.13094480691470523,0.2064029256981854,-0.202568378818075
-0.13094480691470523,0.2064029256981854,-0.202568378818075
-0.13094480691470523,0.2064029256981854,-0.202568378818075
-0.13094480691470523,0.2064029256981854,-0.202568378818075
-0.13094480691470523,0.2064029256981854,-0.202568378818075
0.033964656196452836,-0.9833137652128414,-0.3778486117948532
0.033964656196452836,-0.9833137652128414,-0.3778486117948532
0.033964656196452836,-0.9833137652128414,-0.3778486117948532
0.033964656196452836,-0.9833137652128414,-0.3778486117948532
0.033964656196452836,-0.9833137652128414,-0.3778486117948532
-0.10245882677626383,2.087789630979387,0.30676146813453187
-0.10245882677626383,2.087789630979387,0.30676146813453187
-0.10245882677626383,2.087789630979387,0.30676146813453187
-0.10245882677626383,2.087789630979387,0.30676146813453187
-0.10245882677626383,2.087789630979387,0.30676146813453187
-0.22886556077062892,-2.0441094537171836,0.03280499942980697
-0.22886556077062892,-2.0441094537171836,0.03280499942980697
-0.22886556077062892,-2.0441094537171836,0.03280499942980697
-0.22886556077062892,-2.0441094537171836,0.03280499942980697
-0.22886556077062892,-2.0441094537171836,0.03280499942980697
0.26388771059920657,2.4194675383353825,-0.07119652251056507
0.26388771059920657,2.4194675383353825,-0.07119652251056507
0.26388771059920657,2.4194675383353825,-0.07119652251056507
0.26388771059920657,2.4194675383353825,-0.07119652251056507
0.26388771059920657,2.4194675383353825,-0.07119652251056507
-0.08455194607457628,-3.417181253405758,-2.03343176298943
-0.08455194607457628,-3.417181253405758,-2.03343176298943
-0.08455194607457628,-3.417181253405758,-2.03343176298943
-0.08455194607457628,-3.417181253405758,-2.03343176298943
-0.08455194607457628,-3.417181253405758,-2.03343176298943
-0.2814612696098706,0.9625313781284888,-0.6940102133747601
-0.2814612696098706,0.9625313781284888,-0.6940102133747601
-0.2814612696098706,0.9625313781284888,-0.6940102133747601
-0.2814612696098706,0.9625313781284888,-0.6940102133747601
-0.2814612696098706,0.9625313781284888,-0.6940102133747601
0.242749730763002,-0.04627369097657663,0.2413397030743667
0.242749730763002,-0.04627369097657663,0.2413397030743667
0.242749730763002,-0.04627369097657663,0.2413397030743667
0.242749730763002,-0.04627369097657663,0.2413397030743667
0.242749730763002,-0.04627369097657663,0.2413397030743667
-0.03890236697964866,0.6503223419850883,0.2731203408807872
-0.03890236697964866,0.6503223419850883,0.2731203408807872
-0.03890236697964866,0.6503223419850883,0.2731203408807872
-0.03890236697964866,0.6503223419850883,0.2731203408807872
-0.03890236697964866,0.6503223419850883,0.2731203408807872
0.2757065424707861,-0.17039134347949414,-0.09418023830117761
0.2757065424707861,-0.17039134347949414,-0.09418023830117761
0.2757065424707861,-0.17039134347949414,-0.09418023830117761
0.2757065424707861,-0.17039134347949414,-0.09418023830117761
0.2757065424707861,-0.17039134347949414,-0.09418023830117761
-0.001016694881528224,-1.019627102132958,-0.3228656940240988
-0.001016694881528224,-1.019627102132958,-0.3228656940240988
-0.001016694881528224,-1.019627102132958,-0.3228656940240988
-0.001016694881528224,-1.019627102132958,-0.3228656940240988
-0.001016694881528224,-1.019627102132958,-0.3228656940240988
0.07057204532527095,0.676701624020339,0.015654061123026253
0.07057204532527095,0.676701624020339,0.015654061123026253
0.07057204532527095,0.676701624020339,0.015654061123026253
0.07057204532527095,0.676701624020339,0.015654061123026253
0.07057204532527095,0.676701624020339,0.015654061123026253
0.3143522975676092,0.34011429862577813,0.06529267300060582
0.3143522975676092,0.34011429862577813,0.06529267300060582
0.3143522975676092,0.34011429862577813,0.06529267300060582
0.3143522975676092,0.34011429862577813,0.06529267300060582
0.3143522975676092,0.34011429862577813,0.06529267300060582
-0.3825891458328954,0.25197570354433196,-0.22698092196649
-0.3825891458328954,0.25197570354433196,-0.22698092196649
-0.3825891458328954,0.25197570354433196,-0.22698092196649
-0.3825891458328954,0.25197570354433196,-0.22698092196649
-0.3825891458328954,0.25197570354433196,-0.22698092196649
0.07299621975877102,-0.25974787465405313,-0.5647792517252057
0.07299621975877102,-0.25974787465405313,-0.5647792517252057
0.07299621975877102,-0.25974787465405313,-0.5647792517252057
0.07299621975877102,-0.25974787465405313,-0.5647792517252057
0.07299621975877102,-0.25974787465405313,-0.5647792517252057
0.33256787104542695,-0.5538266063638417,-0.2761849639574052
0.33256787104542695,-0.5538266063638417,-0.2761849639574052
0.33256787104542695,-0.5538266063638417,-0.2761849639574052
0.33256787104542695,-0.5538266063638417,-0.2761849639574052
0.33256787104542695,-0.5538266063638417,-0.2761849639574052
0.2607309904926609,0.7142842843057053,0.10101915358158564
0.2607309904926609,0.7142842843057053,0.10101915358158564
0.2607309904926609,0.7142842843057053,0.10101915358158564
0.2607309904926609,0.7142842843057053,0.10101915358158564
0.2607309904926609,0.7142842843057053,0.10101915358158564
-0.059440399256274645,-0.9493191793155233,-0.34590749501169427
-0.059440399256274645,-0.9493191793155233,-0.34590749501169427
-0.059440399256274645,-0.9493191793155233,-0.34590749501169427
-0.059440399256274645,-0.9493191793155233,-0.34590749501169427
-0.059440399256274645,-0.9493191793155233,-0.34590749501169427
0.13513725621258743,2.5774425214941488,-0.15220107975495623
0.13513725621258743,2.5774425214941488,-0.15220107975495623
0.13513725621258743,2.5774425214941488,-0.15220107975495623
0.13513725621258743,2.5774425214941488,-0.15220107975495623
0.13513725621258743,2.5774425214941488,-0.15220107975495623
-0.04138507911600442,0.010569120582744063,0.09253318986875314
-0.04138507911600442,0.010569120582744063,0.09253318986875314
-0.04138507911600442,0.010569120582744063,0.09253318986875314
-0.04138507911600442,0.010569120582744063,0.09253318986875314
-0.04138507911600442,0.010569120582744063,0.09253318986875314
0.14288662175864886,-0.8929098105241167,0.14641565969159487
0.14288662175864886,-0.8929098105241167,0.14641565969159487
0.14288662175864886,-0.8929098105241167,0.14641565969159487
0.14288662175864886,-0.8929098105241167,0.14641565969159487
0.14288662175864886,-0.8929098105241167,0.14641565969159487
0.28625620781557615,0.9915069653670656,0.03134914725873017
0.28625620781557615,0.9915069653670656,0.03134914725873017
0.28625620781557615,0.9915069653670656,0.03134914725873017
0.28625620781557615,0.9915069653670656,0.03134914725873017
0.28625620781557615,0.9915069653670656,0.03134914725873017
0.2158191371482019,-1.023623746415339,0.09905470018948037
0.2158191371482019,-1.023623746415339,0.09905470018948037
0.2158191371482019,-1.023623746415339,0.09905470018948037
0.2158191371482019,-1.023623746415339,0.09905470018948037
0.2158191371482019,-1.023623746415339,0.09905470018948037
-0.13299479971124128,0.6701501894588233,0.03354051978091732
-0.13299479971124128,0.6701501894588233,0.03354051978091732
-0.13299479971124128,0.6701501894588233,0.03354051978091732
-0.13299479971124128,0.6701501894588233,0.03354051978091732
-0.13299479971124128,0.6701501894588233,0.03354051978091732
-0.06283058939421693,-0.6011245162042371,0.2663653494970788
-0.06283058939421693,-0.6011245162042371,0.2663653494970788
-0.06283058939421693,-0.6011245162042371,0.2663653494970788
-0.06283058939421693,-0.6011245162042371,0.2663653494970788
-0.06283058939421693,-0.6011245162042371,0.2663653494970788
-0.062043048741202256,1.4152684759038294,-0.18739269237643086
-0.062043048741202256,1.4152684759038294,-0.18739269237643086
-0.062043048741202256,1.4152684759038294,-0.18739269237643086
-0.062043048741202256,1.4152684759038294,-0.18739269237643086
-0.062043048741202256,1.4152684759038294,-0.18739269237643086
-0.4235194545773524,-1.4913691004642118,-0.11283847348898846
-0.4235194545773524,-1.4913691004642118,-0.11283847348898846
-0.4235194545773524,-1.4913691004642118,-0.11283847348898846
-0.4235194545773524,-1.4913691004642118,-0.11283847348898846
-0.4235194545773524,-1.4913691004642118,-0.11283847348898846
0.20159918202939764,0.019305731583202146,0.13792611966358592
0.20159918202939764,0.019305731583202146,0.13792611966358592
0.20159918202939764,0.019305731583202146,0.13792611966358592
0.20159918202939764,0.019305731583202146,0.13792611966358592
0.20159918202939764,0.019305731583202146,0.13792611966358592
0.2264727593571223,-0.6709057181512321,0.3082105612813244
0.2264727593571223,-0.6709057181512321,0.3082105612813244
0.2264727593571223,-0.6709057181512321,0.3082105612813244
0.2264727593571223,-0.6709057181512321,0.3082105612813244
0.2264727593571223,-0.6709057181512321,0.3082105612813244
0.07115282816938873,1.0048768882561347,-0.15565576420403104
0.07115282816938873,1.0048768882561347,-0.15565576420403104
0.07115282816938873,1.0048768882561347,-0.15565576420403104
0.07115282816938873,1.0048768882561347,-0.15565576420403104
0.07115282816938873,1.0048768882561347,-0.15565576420403104
-0.10500715908963798,-0.7100215197985023,0.07030777577929825
-0.10500715908963798,-0.7100215197985023,0.07030777577929825
-0.10500715908963798,-0.7100215197985023,0.07030777577929825
-0.10500715908963798,-0.7100215197985023,0.07030777577929825
-0.10500715908963798,-0.7100215197985023,0.07030777577929825
0.014701325151790456,1.156208309592344,0.24625522929391153
0.014701325151790456,1.156208309592344,0.24625522929391153
0.014701325151790456,1.156208309592344,0.24625522929391153
0.014701325151790456,1.156208309592344,0.24625522929391153
0.014701325151790456,1.156208309592344,0.24625522929391153
-0.03346832290026924,-1.7398019555221254,0.2235525877401976
-0.03346832290026924,-1.7398019555221254,0.2235525877401976
-0.03346832290026924,-1.7398019555221254,0.2235525877401976
-0.03346832290026924,-1.7398019555221254,0.2235525877401976
-0.03346832290026924,-1.7398019555221254,0.2235525877401976
0.1565799944718833,0.1640013685841808,0.3262250214698881
0.1565799944718833,0.1640013685841808,0.3262250214698881
0.1565799944718833,0.1640013685841808,0.3262250214698881
0.1565799944718833,0.1640013685841808,0.3262250214698881
0.1565799944718833,0.1640013685841808,0.3262250214698881
0.21998953818679468,0.19597284059675246,0.37048890830443426
0.21998953818679468,0.19597284059675246,0.37048890830443426
0.21998953818679468,0.19597284059675246,0.37048890830443426
0.21998953818679468,0.19597284059675246,0.37048890830443426
0.21998953818679468,0.19597284059675246,0.37048890830443426
-0.1109069965176559,-0.11610048770997139,-0.07641697325658114
-0.1109069965176559,-0.11610048770997139,-0.07641697325658114
-0.1109069965176559,-0.11610048770997139,-0.07641697325658114
-0.1109069965176559,-0.11610048770997139,-0.07641697325658114
-0.1109069965176559,-0.11610048770997139,-0.07641697325658114
-0.19493221236398028,-0.7301007195914053,0.1325104003729045
-0.19493221236398028,-0.7301007195914053,0.1325104003729045
-0.19493221236398028,-0.7301007195914053,0.1325104003729045
-0.19493221236398028,-0.7301007195914053,0.1325104003729045
-0.19493221236398028,-0.7301007195914053,0.1325104003729045
-0.3457476044116703,0.4795330386937451,0.13302157528868364
-0.3457476044116703,0.4795330386937451,0.13302157528868364
-0.3457476044116703,0.4795330386937451,0.13302157528868364
-0.3457476044116703,0.4795330386937451,0.13302157528868364
-0.3457476044116703,0.4795330386937451,0.13302157528868364
-0.35045889547644293,1.5334665233689293,0.35589282875269745
-0.35045889547644293,1.5334665233689293,0.35589282875269745
-0.35045889547644293,1.5334665233689293,0.35589282875269745
-0.35045889547644293,1.5334665233689293,0.35589282875269745
-0.35045889547644293,1.5334665233689293,0.35589282875269745
-0.49239120852306684,-0.7442443399900327,0.3930926886831152
-0.49239120852306684,-0.7442443399900327,0.3930926886831152
-0.49239120852306684,-0.7442443399900327,0.3930926886831152
-0.49239120852306684,-0.7442443399900327,0.3930926886831152
-0.49239120852306684,-0.7442443399900327,0.3930926886831152
-0.1577183621004039,0.4513869694584258,-0.1898014447705556
-0.1577183621004039,0.4513869694584258,-0.1898014447705556
-0.1577183621004039,0.4513869694584258,-0.1898014447705556
-0.1577183621004039,0.4513869694584258,-0.1898014447705556
-0.1577183621004039,0.4513869694584258,-0.1898014447705556
-0.4686427971141498,-0.3478296203489606,-0.5218229500035143
-0.4686427971141498,-0.3478296203489606,-0.5218229500035143
-0.4686427971141498,-0.3478296203489606,-0.5218229500035143
-0.4686427971141498,-0.3478296203489606,-0.5218229500035143
-0.4686427971141498,-0.3478296203489606,-0.5218229500035143
-0.09616424924600864,-1.0151034969263435,-0.11297747570912975
-0.09616424924600864,-1.0151034969263435,-0.11297747570912975
-0.09616424924600864,-1.0151034969263435,-0.11297747570912975
-0.09616424924600864,-1.0151034969263435,-0.11297747570912975
-0.09616424924600864,-1.0151034969263435,-0.11297747570912975
-0.42087546889028715,1.1999663270559324,0.41379836664954794
-0.42087546889028715,1.1999663270559324,0.41379836664954794
-0.42087546889028715,1.1999663270559324,0.41379836664954794
-0.42087546889028715,1.1999663270559324,0.41379836664954794
-0.42087546889028715,1.1999663270559324,0.41379836664954794
-0.5308490912267629,-0.44597855520824226,0.40667518112315193
-0.5308490912267629,-0.44597855520824226,0.40667518112315193
-0.5308490912267629,-0.44597855520824226,0.40667518112315193
-0.5308490912267629,-0.44597855520824226,0.40667518112315193
-0.5308490912267629,-0.44597855520824226,0.40667518112315193
-0.6311491932162028,-0.30997790407606374,-0.17397711293761375
-0.6311491932162028,-0.30997790407606374,-0.17397711293761375
-0.6311491932162028,-0.30997790407606374,-0.17397711293761375
-0.6311491932162028,-0.30997790407606374,-0.17397711293761375
-0.6311491932162028,-0.30997790407606374,-0.17397711293761375
-0.3783989716344749,0.31848943731878876,-0.07982490888578297
-0.3783989716344749,0.31848943731878876,-0.07982490888578297
-0.3783989716344749,0.31848943731878876,-0.07982490888578297
-0.3783989716344749,0.31848943731878876,-0.07982490888578297
-0.3783989716344749,0.31848943731878876,-0.07982490888578297
0.10454317650341949,-0.4387798961962659,0.44926649206000846
0.10454317650341949,-0.4387798961962659,0.44926649206000846
0.10454317650341949,-0.4387798961962659,0.44926649206000846
0.10454317650341949,-0.4387798961962659,0.44926649206000846
0.10454317650341949,-0.4387798961962659,0.44926649206000846
0.16622139897945232,0.5187692820771304,0.1043537327874624
0.16622139897945232,0.5187692820771304,0.1043537327874624
0.16622139897945232,0.5187692820771304,0.1043537327874624
0.16622139897945232,0.5187692820771304,0.1043537327874624
0.16622139897945232,0.5187692820771304,0.1043537327874624
0.40917234537256064,-1.6133730969357458,0.096645995957644
0.40917234537256064,-1.6133730969357458,0.096645995957644
0.40917234537256064,-1.6133730969357458,0.096645995957644
0.40917234537256064,-1.6133730969357458,0.096645995957644
0.40917234537256064,-1.6133730969357458,0.096645995957644
0.32110579311707,1.3159930026972262,0.1378988073266214
0.32110579311707,1.3159930026972262,0.1378988073266214
0.32110579311707,1.3159930026972262,0.1378988073266214
0.32110579311707,1.3159930026972262,0.1378988073266214
0.32110579311707,1.3159930026972262,0.1378988073266214
0.06887982692350647,-0.16808444781560183,0.18069355654380814
0.06887982692350647,-0.16808444781560183,0.18069355654380814
0.06887982692350647,-0.16808444781560183,0.18069355654380814
0.06887982692350647,-0.16808444781560183,0.18069355654380814
0.06887982692350647,-0.16808444781560183,0.18069355654380814
0.5094430919048136,0.5054170006134058,-0.08677133781642254
0.5094430919048136,0.5054170006134058,-0.08677133781642254
0.5094430919048136,0.5054170006134058,-0.08677133781642254
0.5094430919048136,0.5054170006134058,-0.08677133781642254
0.5094430919048136,0.5054170006134058,-0.08677133781642254
-0.02330634285230815,-0.9777549968656984,0.09151426068000745
-0.02330634285230815,-0.9777549968656984,0.09151426068000745
-0.02330634285230815,-0.9777549968656984,0.09151426068000745
-0.02330634285230815,-0.9777549968656984,0.09151426068000745
-0.02330634285230815,-0.9777549968656984,0.09151426068000745
-0.30265167834309636,0.984512864059937,0.028033027791042997
-0.30265167834309636,0.984512864059937,0.028033027791042997
-0.30265167834309636,0.984512864059937,0.028033027791042997
-0.30265167834309636,0.984512864059937,0.028033027791042997
-0.30265167834309636,0.984512864059937,0.028033027791042997
-0.024851426394249643,-0.10196220583641491,0.13163286006992436
-0.024851426394249643,-0.10196220583641491,0.13163286006992436
-0.024851426394249643,-0.10196220583641491,0.13163286006992436
-0.024851426394249643,-0.10196220583641491,0.13163286006992436
-0.024851426394249643,-0.10196220583641491,0.13163286006992436
-0.18588131974762234,0.14336863915050913,0.29639346804562194
-0.18588131974762234,0.14336863915050913,0.29639346804562194
-0.18588131974762234,0.14336863915050913,0.29639346804562194
-0.18588131974762234,0.14336863915050913,0.29639346804562194
-0.18588131974762234,0.14336863915050913,0.29639346804562194
0.09525188320188249,0.9087233511043706,-0.01284828625141543
0.09525188320188249,0.9087233511043706,-0.01284828625141543
0.09525188320188249,0.9087233511043706,-0.01284828625141543
0.09525188320188249,0.9087233511043706,-0.01284828625141543
0.09525188320188249,0.9087233511043706,-0.01284828625141543
0.2146171812641171,-1.020759579222272,-0.32590174480055367
0.2146171812641171,-1.020759579222272,-0.32590174480055367
0.2146171812641171,-1.020759579222272,-0.32590174480055367
0.2146171812641171,-1.020759579222272,-0.32590174480055367
0.2146171812641171,-1.020759579222272,-0.32590174480055367
-0.061325938859823736,0.10829815341733706,-0.30723516770639137
-0.061325938859823736,0.10829815341733706,-0.30723516770639137
-0.061325938859823736,0.10829815341733706,-0.30723516770639137
-0.061325938859823736,0.10829815341733706,-0.30723516770639137
-0.061325938859823736,0.10829815341733706,-0.30723516770639137
0.18987761229969635,-0.5360114585490265,-0.057171940692736456
0.18987761229969635,-0.5360114585490265,-0.057171940692736456
0.18987761229969635,-0.5360114585490265,-0.057171940692736456
0.18987761229969635,-0.5360114585490265,-0.057171940692736456
0.18987761229969635,-0.5360114585490265,-0.057171940692736456
-0.10688498492768872,1.4547379438485706,0.18655385215781806
-0.10688498492768872,1.4547379438485706,0.18655385215781806
-0.10688498492768872,1.4547379438485706,0.18655385215781806
-0.10688498492768872,1.4547379438485706,0.18655385215781806
-0.10688498492768872,1.4547379438485706,0.18655385215781806
0.3360539563783931,-1.1324589995404182,-0.06006880492857647
0.3360539563783931,-1.1324589995404182,-0.06006880492857647
0.3360539563783931,-1.1324589995404182,-0.06006880492857647
0.3360539563783931,-1.1324589995404182,-0.06006880492857647
0.3360539563783931,-1.1324589995404182,-0.06006880492857647
-0.21830307312671948,0.45284901138437306,0.049427672987409466
-0.21830307312671948,0.45284901138437306,0.049427672987409466
-0.21830307312671948,0.45284901138437306,0.049427672987409466
-0.21830307312671948,0.45284901138437306,0.049427672987409466
-0.21830307312671948,0.45284901138437306,0.049427672987409466
-0.2412318202779531,0.7184673924903962,0.012262620790423284
-0.2412318202779531,0.7184673924903962,0.012262620790423284
-0.2412318202779531,0.7184673924903962,0.012262620790423284
-0.2412318202779531,0.7184673924903962,0.012262620790423284
-0.2412318202779531,0.7184673924903962,0.012262620790423284
0.04203045829432739,-1.9081726626364315,0.20673847049448923
0.04203045829432739,-1.9081726626364315,0.20673847049448923
0.04203045829432739,-1.9081726626364315,0.20673847049448923
0.04203045829432739,-1.9081726626364315,0.20673847049448923
0.04203045829432739,-1.9081726626364315,0.20673847049448923
-0.2377894312308939,0.6226582924223862,0.4350156712622315
-0.2377894312308939,0.6226582924223862,0.4350156712622315
-0.2377894312308939,0.6226582924223862,0.4350156712622315
-0.2377894312308939,0.6226582924223862,0.4350156712622315
-0.2377894312308939,0.6226582924223862,0.4350156712622315
0.15096681911622767,-0.597560733856227,0.2859066306145479
0.15096681911622767,-0.597560733856227,0.2859066306145479
0.15096681911622767,-0.597560733856227,0.2859066306145479
0.15096681911622767,-0.597560733856227,0.2859066306145479
0.15096681911622767,-0.597560733856227,0.2859066306145479
-0.09467010247670515,0.9120168393203869,0.33631923438646183
-0.09467010247670515,0.9120168393203869,0.33631923438646183
-0.09467010247670515,0.9120168393203869,0.33631923438646183
-0.09467010247670515,0.9120168393203869,0.33631923438646183
-0.09467010247670515,0.9120168393203869,0.33631923438646183
0.47402877011006694,-0.49548777068048366,0.061590447128516246
0.47402877011006694,-0.49548777068048366,0.061590447128516246
0.47402877011006694,-0.49548777068048366,0.061590447128516246
0.47402877011006694,-0.49548777068048366,0.061590447128516246
0.47402877011006694,-0.49548777068048366,0.061590447128516246
0.22596811416590867,0.4129918406295445,-0.4615096428288794
0.22596811416590867,0.4129918406295445,-0.4615096428288794
0.22596811416590867,0.4129918406295445,-0.4615096428288794
0.22596811416590867,0.4129918406295445,-0.4615096428288794
0.22596811416590867,0.4129918406295445,-0.4615096428288794
0.27585820698168817,-0.1330618956412195,-0.05725814828809206
0.27585820698168817,-0.1330618956412195,-0.05725814828809206
0.27585820698168817,-0.1330618956412195,-0.05725814828809206
0.27585820698168817,-0.1330618956412195,-0.05725814828809206
0.27585820698168817,-0.1330618956412195,-0.05725814828809206
0.07492248751331942,-0.3146612080225992,0.52615367383709
0.07492248751331942,-0.3146612080225992,0.52615367383709
0.07492248751331942,-0.3146612080225992,0.52615367383709
0.07492248751331942,-0.3146612080225992,0.52615367383709
0.07492248751331942,-0.3146612080225992,0.52615367383709
0.2688827316253608,-0.58341667115738,0.3509223526665579
0.2688827316253608,-0.58341667115738,0.3509223526665579
0.2688827316253608,-0.58341667115738,0.3509223526665579
0.2688827316253608,-0.58341667115738,0.3509223526665579
0.2688827316253608,-0.58341667115738,0.3509223526665579
0.2163553272269283,0.9742000286337742,0.5027604218153741
0.2163553272269283,0.9742000286337742,0.5027604218153741
0.2163553272269283,0.9742000286337742,0.5027604218153741
0.2163553272269283,0.9742000286337742,0.5027604218153741
0.2163553272269283,0.9742000286337742,0.5027604218153741
0.07382283365221554,-0.6896059643260344,-0.31415359853741265
0.07382283365221554,-0.6896059643260344,-0.31415359853741265
0.07382283365221554,-0.6896059643260344,-0.31415359853741265
0.07382283365221554,-0.6896059643260344,-0.31415359853741265
0.07382283365221554,-0.6896059643260344,-0.31415359853741265
-0.30620198308781,0.2604765869342316,0.05597515379663065
-0.30620198308781,0.2604765869342316,0.05597515379663065
-0.30620198308781,0.2604765869342316,0.05597515379663065
-0.30620198308781,0.2604765869342316,0.05597515379663065
-0.30620198308781,0.2604765869342316,0.05597515379663065
0.14365847928206676,0.9805111228579051,-0.5386959305438666
0.14365847928206676,0.9805111228579051,-0.5386959305438666
0.14365847928206676,0.9805111228579051,-0.5386959305438666
0.14365847928206676,0.9805111228579051,-0.5386959305438666
0.14365847928206676,0.9805111228579051,-0.5386959305438666
0.24285073038667804,-1.1938360247036712,0.017637106436868777
0.24285073038667804,-1.1938360247036712,0.017637106436868777
0.24285073038667804,-1.1938360247036712,0.017637106436868777
0.24285073038667804,-1.1938360247036712,0.017637106436868777
0.24285073038667804,-1.1938360247036712,0.017637106436868777
0.17745961824381595,3.0106035115925494,-0.11671246823016901
0.17745961824381595,3.0106035115925494,-0.11671246823016901
0.17745961824381595,3.0106035115925494,-0.11671246823016901
0.17745961824381595,3.0106035115925494,-0.11671246823016901
0.17745961824381595,3.0106035115925494,-0.11671246823016901
0.07031586236210785,-2.4851049871670625,-0.23732736291452383
0.07031586236210785,-2.4851049871670625,-0.23732736291452383
0.07031586236210785,-2.4851049871670625,-0.23732736291452383
0.07031586236210785,-2.4851049871670625,-0.23732736291452383
0.07031586236210785,-2.4851049871670625,-0.23732736291452383
-0.1392545628311268,2.840978592244923,0.3164608227018135
-0.1392545628311268,2.840978592244923,0.3164608227018135
-0.1392545628311268,2.840978592244923,0.3164608227018135
-0.1392545628311268,2.840978592244923,0.3164608227018135
-0.1392545628311268,2.840978592244923,0.3164608227018135
-0.16417045768724847,-2.0164186401089665,-0.0015621493534432318
-0.16417045768724847,-2.0164186401089665,-0.0015621493534432318
-0.16417045768724847,-2.0164186401089665,-0.0015621493534432318
-0.16417045768724847,-2.0164186401089665,-0.0015621493534432318
-0.16417045768724847,-2.0164186401089665,-0.0015621493534432318
0.054199339784787526,-0.35879072996692685,0.14911055646929583
0.054199339784787526,-0.35879072996692685,0.14911055646929583
0.054199339784787526,-0.35879072996692685,0.14911055646929583
0.054199339784787526,-0.35879072996692685,0.14911055646929583
0.054199339784787526,-0.35879072996692685,0.14911055646929583
-0.028019022640656033,1.5984507310950136,-0.32204725674198187
-0.028019022640656033,1.5984507310950136,-0.32204725674198187
-0.028019022640656033,1.5984507310950136,-0.32204725674198187
-0.028019022640656033,1.5984507310950136,-0.32204725674198187
-0.028019022640656033,1.5984507310950136,-0.32204725674198187
-0.20807143307239784,-0.21884209793041975,-0.118094396925013
-0.20807143307239784,-0.21884209793041975,-0.118094396925013
-0.20807143307239784,-0.21884209793041975,-0.118094396925013
-0.20807143307239784,-0.21884209793041975,-0.118094396925013
-0.20807143307239784,-0.21884209793041975,-0.118094396925013
-0.03968443332635019,-0.9970722717276885,-0.29653866607285195
-0.03968443332635019,-0.9970722717276885,-0.29653866607285195
-0.03968443332635019,-0.9970722717276885,-0.29653866607285195
-0.03968443332635019,-0.9970722717276885,-0.29653866607285195
-0.03968443332635019,-0.9970722717276885,-0.29653866607285195
-0.11862870775303236,1.2367421644078007,-0.038870322420429204
-0.11862870775303236,1.2367421644078007,-0.038870322420429204
-0.11862870775303236,1.2367421644078007,-0.038870322420429204
-0.11862870775303236,1.2367421644078007,-0.038870322420429204
-0.11862870775303236,1.2367421644078007,-0.038870322420429204
-0.17154748750353122,-1.4044412367267398,-0.22165726631534
-0.17154748750353122,-1.4044412367267398,-0.22165726631534
-0.17154748750353122,-1.4044412367267398,-0.22165726631534
-0.17154748750353122,-1.4044412367267398,-0.22165726631534
-0.17154748750353122,-1.4044412367267398,-0.22165726631534
-0.20531368936226357,2.013522130268427,-0.15453357466526896
-0.20531368936226357,2.013522130268427,-0.15453357466526896
-0.20531368936226357,2.013522130268427,-0.15453357466526896
-0.20531368936226357,2.013522130268427,-0.15453357466526896
-0.20531368936226357,2.013522130268427,-0.15453357466526896
-0.5122904554844752,-0.45836454208750865,0.50994806034997
-0.5122904554844752,-0.45836454208750865,0.50994806034997
-0.5122904554844752,-0.45836454208750865,0.50994806034997
-0.5122904554844752,-0.45836454208750865,0.50994806034997
-0.5122904554844752,-0.45836454208750865,0.50994806034997
-0.08926878914638081,-0.3170884440293804,0.27196679912377775
-0.08926878914638081,-0.3170884440293804,0.27196679912377775
-0.08926878914638081,-0.3170884440293804,0.27196679912377775
-0.08926878914638081,-0.3170884440293804,0.27196679912377775
-0.08926878914638081,-0.3170884440293804,0.27196679912377775
-0.047275147501920856,-0.1887305931382599,0.10014759125392558
-0.047275147501920856,-0.1887305931382599,0.10014759125392558
-0.047275147501920856,-0.1887305931382599,0.10014759125392558
-0.047275147501920856,-0.1887305931382599,0.10014759125392558
-0.047275147501920856,-0.1887305931382599,0.10014759125392558
0.13047087959095904,0.005262200166328057,-0.23721556757579165
0.13047087959095904,0.005262200166328057,-0.23721556757579165
0.13047087959095904,0.005262200166328057,-0.23721556757579165
0.13047087959095904,0.005262200166328057,-0.23721556757579165
0.13047087959095904,0.005262200166328057,-0.23721556757579165
-0.11933788495210962,0.2604344502479421,0.20850141967109792
-0.11933788495210962,0.2604344502479421,0.20850141967109792
-0.11933788495210962,0.2604344502479421,0.20850141967109792
-0.11933788495210962,0.2604344502479421,0.20850141967109792
-0.11933788495210962,0.2604344502479421,0.20850141967109792
-0.09229775086102876,-0.5639672565282581,0.011607819949301046
-0.09229775086102876,-0.5639672565282581,0.011607819949301046
-0.09229775086102876,-0.5639672565282581,0.011607819949301046
-0.09229775086102876,-0.5639672565282581,0.011607819949301046
