c0.a,c1.a,i0.a
0.0,3.5,0.0
0.0,3.5,0.0
0.0,3.5,0.0
0.0,3.5,0.0
-0.09945442082246547,3.5,-0.07700090557772654
-0.09945442082246547,3.5,-0.07700090557772654
-0.09945442082246547,3.5,-0.07700090557772654
-0.09945442082246547,3.5,-0.07700090557772654
-0.2978792911372308,-0.3837055049143885,-0.1980370719863167
-0.2978792911372308,-0.3837055049143885,-0.1980370719863167
-0.2978792911372308,-0.3837055049143885,-0.1980370719863167
-0.2978792911372308,-0.3837055049143885,-0.1980370719863167
-0.12754396256368405,-6.56,0.47553986859000474
-0.12754396256368405,-6.56,0.47553986859000474
-0.12754396256368405,-6.56,0.47553986859000474
-0.12754396256368405,-6.56,0.47553986859000474
-0.3950630379361346,-6.56,0.4424147370727809
-0.3950630379361346,-6.56,0.4424147370727809
-0.3950630379361346,-6.56,0.4424147370727809
-0.3950630379361346,-6.56,0.4424147370727809
0.013479475785501016,-6.56,0.5052039608008165
0.013479475785501016,-6.56,0.5052039608008165
0.013479475785501016,-6.56,0.5052039608008165
0.013479475785501016,-6.56,0.5052039608008165
0.07102937836196332,-6.56,0.3093428290104505
0.07102937836196332,-6.56,0.3093428290104505
0.07102937836196332,-6.56,0.3093428290104505
0.07102937836196332,-6.56,0.3093428290104505
-0.07375479880090285,-6.56,-0.07283987897267963
-0.07375479880090285,-6.56,-0.07283987897267963
-0.07375479880090285,-6.56,-0.07283987897267963
-0.07375479880090285,-6.56,-0.07283987897267963
-0.25713002462074197,-6.56,-0.0717194669411505
-0.25713002462074197,-6.56,-0.0717194669411505
-0.25713002462074197,-6.56,-0.0717194669411505
-0.25713002462074197,-6.56,-0.0717194669411505
-0.3066201002105533,-6.56,-0.08588450046836726
-0.3066201002105533,-6.56,-0.08588450046836726
-0.3066201002105533,-6.56,-0.08588450046836726
-0.3066201002105533,-6.56,-0.08588450046836726
-0.30698408261186483,3.5,-0.023286730153841972
-0.30698408261186483,3.5,-0.023286730153841972
-0.30698408261186483,3.5,-0.023286730153841972
-0.30698408261186483,3.5,-0.023286730153841972
0.025870208794334104,3.5,0.081583719462472
0.025870208794334104,3.5,0.081583719462472
0.025870208794334104,3.5,0.081583719462472
0.025870208794334104,3.5,0.081583719462472
-0.10576165856473718,1.4251669211816846,0.022363491486302678
-0.10576165856473718,1.4251669211816846,0.022363491486302678
-0.10576165856473718,1.4251669211816846,0.022363491486302678
-0.10576165856473718,1.4251669211816846,0.022363491486302678
0.19775316051727465,-0.5658227887160017,0.16957041294410402
0.19775316051727465,-0.5658227887160017,0.16957041294410402
0.19775316051727465,-0.5658227887160017,0.16957041294410402
0.19775316051727465,-0.5658227887160017,0.16957041294410402
0.07966790714680094,0.6773951406065635,0.07323280360509798
0.07966790714680094,0.6773951406065635,0.07323280360509798
0.07966790714680094,0.6773951406065635,0.07323280360509798
0.07966790714680094,0.6773951406065635,0.07323280360509798
3.5,0.21626593608787914,-0.43615470874056683
3.5,0.21626593608787914,-0.43615470874056683
3.5,0.21626593608787914,-0.43615470874056683
3.5,0.21626593608787914,-0.43615470874056683
3.5,0.8846311605226678,-0.09483500594783223
3.5,0.8846311605226678,-0.09483500594783223
3.5,0.8846311605226678,-0.09483500594783223
3.5,0.8846311605226678,-0.09483500594783223
3.5,1.744755228923637,0.07641128350000415
3.5,1.744755228923637,0.07641128350000415
3.5,1.744755228923637,0.07641128350000415
3.5,1.744755228923637,0.07641128350000415
3.5,3.0404460556698005,-0.10555987231446196
3.5,3.0404460556698005,-0.10555987231446196
3.5,3.0404460556698005,-0.10555987231446196
3.5,3.0404460556698005,-0.10555987231446196
3.5,3.5,-0.4888898372758632
3.5,3.5,-0.4888898372758632
3.5,3.5,-0.4888898372758632
3.5,3.5,-0.4888898372758632
3.5,1.3100206655571682,0.10043829478890842
3.5,1.3100206655571682,0.10043829478890842
3.5,1.3100206655571682,0.10043829478890842
3.5,1.3100206655571682,0.10043829478890842
3.5,3.251444367937637,-0.014402184967824638
3.5,3.251444367937637,-0.014402184967824638
3.5,3.251444367937637,-0.014402184967824638
3.5,3.251444367937637,-0.014402184967824638
3.5,3.5,-0.30283296211523947
3.5,3.5,-0.30283296211523947
3.5,3.5,-0.30283296211523947
3.5,3.5,-0.30283296211523947
3.5,3.5,-0.12355666747141925
3.5,3.5,-0.12355666747141925
3.5,3.5,-0.12355666747141925
3.5,3.5,-0.12355666747141925
3.5,3.5,0.12464355350756051
3.5,3.5,0.12464355350756051
3.5,3.5,0.12464355350756051
3.5,3.5,0.12464355350756051
3.5,3.5,-0.10391640182713147
3.5,3.5,-0.10391640182713147
3.5,3.5,-0.10391640182713147
3.5,3.5,-0.10391640182713147
3.5,3.5,0.040990199775215785
3.5,3.5,0.040990199775215785
3.5,3.5,0.040990199775215785
3.5,3.5,0.040990199775215785
3.5,3.5,0.30475426030178454
3.5,3.5,0.30475426030178454
3.5,3.5,0.30475426030178454
3.5,3.5,0.30475426030178454
1.2669803358710467,2.1888701595798423,0.06460035399553021
1.2669803358710467,2.1888701595798423,0.06460035399553021
1.2669803358710467,2.1888701595798423,0.06460035399553021
1.2669803358710467,2.1888701595798423,0.06460035399553021
-0.17901983336813032,3.5,-0.46876220412229586
-0.17901983336813032,3.5,-0.46876220412229586
-0.17901983336813032,3.5,-0.46876220412229586
-0.17901983336813032,3.5,-0.46876220412229586
-0.13493009111333976,3.5,0.09313015349442111
-0.13493009111333976,3.5,0.09313015349442111
-0.13493009111333976,3.5,0.09313015349442111
-0.13493009111333976,3.5,0.09313015349442111
0.27341633831089496,3.19942645412641,0.14918284849428787
0.27341633831089496,3.19942645412641,0.14918284849428787
0.27341633831089496,3.19942645412641,0.14918284849428787
0.27341633831089496,3.19942645412641,0.14918284849428787
-0.06697924078282824,0.16530141099009654,-0.22652794188059389
-0.06697924078282824,0.16530141099009654,-0.22652794188059389
-0.06697924078282824,0.16530141099009654,-0.22652794188059389
-0.06697924078282824,0.16530141099009654,-0.22652794188059389
0.19015351758127963,0.0488022385716107,-0.07411391989792193
0.19015351758127963,0.0488022385716107,-0.07411391989792193
0.19015351758127963,0.0488022385716107,-0.07411391989792193
0.19015351758127963,0.0488022385716107,-0.07411391989792193
0.045436721646559874,0.3584806162880767,-0.23708505229610566
0.045436721646559874,0.3584806162880767,-0.23708505229610566
0.045436721646559874,0.3584806162880767,-0.23708505229610566
0.045436721646559874,0.3584806162880767,-0.23708505229610566
-0.11597745883996424,2.148655700427696,-0.44047085318633705
-0.11597745883996424,2.148655700427696,-0.44047085318633705
-0.11597745883996424,2.148655700427696,-0.44047085318633705
-0.11597745883996424,2.148655700427696,-0.44047085318633705
-0.270065078526045,-3.46913059550765,-0.025033380059252153
-0.270065078526045,-3.46913059550765,-0.025033380059252153
-0.270065078526045,-3.46913059550765,-0.025033380059252153
-0.270065078526045,-3.46913059550765,-0.025033380059252153
-0.11398475540589459,1.042721375109565,-0.10597412413806495
-0.11398475540589459,1.042721375109565,-0.10597412413806495
-0.11398475540589459,1.042721375109565,-0.10597412413806495
-0.11398475540589459,1.042721375109565,-0.10597412413806495
-6.56,-0.057377192601990146,0.13473521247841447
-6.56,-0.057377192601990146,0.13473521247841447
-6.56,-0.057377192601990146,0.13473521247841447
-6.56,-0.057377192601990146,0.13473521247841447
-6.56,-4.13215613401681,0.457294825759778
-6.56,-4.13215613401681,0.457294825759778
-6.56,-4.13215613401681,0.457294825759778
-6.56,-4.13215613401681,0.457294825759778
-6.56,-2.3067286095415227,0.25316669430579
-6.56,-2.3067286095415227,0.25316669430579
-6.56,-2.3067286095415227,0.25316669430579
-6.56,-2.3067286095415227,0.25316669430579
-2.0399667932451813,-5.041480967736106,0.012770859490473185
-2.0399667932451813,-5.041480967736106,0.012770859490473185
-2.0399667932451813,-5.041480967736106,0.012770859490473185
-2.0399667932451813,-5.041480967736106,0.012770859490473185
-0.031841259470304806,-5.5299309278221145,-0.08946759255816161
-0.031841259470304806,-5.5299309278221145,-0.08946759255816161
-0.031841259470304806,-5.5299309278221145,-0.08946759255816161
-0.031841259470304806,-5.5299309278221145,-0.08946759255816161
0.010677114882359007,-3.74586813643473,0.17257831758542252
0.010677114882359007,-3.74586813643473,0.17257831758542252
0.010677114882359007,-3.74586813643473,0.17257831758542252
0.010677114882359007,-3.74586813643473,0.17257831758542252
0.07944543126872361,0.3551367776937866,-0.01175485468175097
0.07944543126872361,0.3551367776937866,-0.01175485468175097
0.07944543126872361,0.3551367776937866,-0.01175485468175097
0.07944543126872361,0.3551367776937866,-0.01175485468175097
0.18646504972497624,-2.043103083780224,-0.3307378087307242
0.18646504972497624,-2.043103083780224,-0.3307378087307242
0.18646504972497624,-2.043103083780224,-0.3307378087307242
0.18646504972497624,-2.043103083780224,-0.3307378087307242
0.19449008081624442,-1.1087590221515882,0.23545469730637336
0.19449008081624442,-1.1087590221515882,0.23545469730637336
0.19449008081624442,-1.1087590221515882,0.23545469730637336
0.19449008081624442,-1.1087590221515882,0.23545469730637336
0.012907822223759524,-2.3198774689805504,0.15437971754640145
0.012907822223759524,-2.3198774689805504,0.15437971754640145
0.012907822223759524,-2.3198774689805504,0.15437971754640145
0.012907822223759524,-2.3198774689805504,0.15437971754640145
-0.10651646151830008,2.5932831296944485,-0.3030165791904551
-0.10651646151830008,2.5932831296944485,-0.3030165791904551
-0.10651646151830008,2.5932831296944485,-0.3030165791904551
-0.10651646151830008,2.5932831296944485,-0.3030165791904551
-0.17466764340101548,-1.4294501026897848,0.24660401947485866
-0.17466764340101548,-1.4294501026897848,0.24660401947485866
-0.17466764340101548,-1.4294501026897848,0.24660401947485866
-0.17466764340101548,-1.4294501026897848,0.24660401947485866
-0.26337433637632657,-0.9081988807437824,-0.11163804050780257
-0.26337433637632657,-0.9081988807437824,-0.11163804050780257
-0.26337433637632657,-0.9081988807437824,-0.11163804050780257
-0.26337433637632657,-0.9081988807437824,-0.11163804050780257
-0.20485611323610442,0.9624894915610511,0.2323401813787136
-0.20485611323610442,0.9624894915610511,0.2323401813787136
-0.20485611323610442,0.9624894915610511,0.2323401813787136
-0.20485611323610442,0.9624894915610511,0.2323401813787136
-0.11783393711632684,-1.164248467408889,-0.06133462180302374
-0.11783393711632684,-1.164248467408889,-0.06133462180302374
-0.11783393711632684,-1.164248467408889,-0.06133462180302374
-0.11783393711632684,-1.164248467408889,-0.06133462180302374
-0.02254367168960769,0.9130732033889402,0.001819875617318445
-0.02254367168960769,0.9130732033889402,0.001819875617318445
-0.02254367168960769,0.9130732033889402,0.001819875617318445
-0.02254367168960769,0.9130732033889402,0.001819875617318445
-0.002432154035950873,-1.8080800949925546,-0.1531723425487428
-0.002432154035950873,-1.8080800949925546,-0.1531723425487428
-0.002432154035950873,-1.8080800949925546,-0.1531723425487428
-0.002432154035950873,-1.8080800949925546,-0.1531723425487428
-0.05983313214246877,2.391539426030697,-0.22673023480523113
-0.05983313214246877,2.391539426030697,-0.22673023480523113
-0.05983313214246877,2.391539426030697,-0.22673023480523113
-0.05983313214246877,2.391539426030697,-0.22673023480523113
0.2231805487789842,-1.0763172655651232,-0.28807863577243253
0.2231805487789842,-1.0763172655651232,-0.28807863577243253
0.2231805487789842,-1.0763172655651232,-0.28807863577243253
0.2231805487789842,-1.0763172655651232,-0.28807863577243253
0.12493294722201398,0.8963891887584339,-0.06418043806203855
0.12493294722201398,0.8963891887584339,-0.06418043806203855
0.12493294722201398,0.8963891887584339,-0.06418043806203855
0.12493294722201398,0.8963891887584339,-0.06418043806203855
0.4477732299644579,-0.8767939477507767,-0.016213784443998236
0.4477732299644579,-0.8767939477507767,-0.016213784443998236
0.4477732299644579,-0.8767939477507767,-0.016213784443998236
0.4477732299644579,-0.8767939477507767,-0.016213784443998236
0.011462583530537529,0.36089588013866347,0.3458405150901456
0.011462583530537529,0.36089588013866347,0.3458405150901456
0.011462583530537529,0.36089588013866347,0.3458405150901456
0.011462583530537529,0.36089588013866347,0.3458405150901456
-0.07647654945654736,-0.7767465366605038,0.04957866875473371
-0.07647654945654736,-0.7767465366605038,0.04957866875473371
-0.07647654945654736,-0.7767465366605038,0.04957866875473371
-0.07647654945654736,-0.7767465366605038,0.04957866875473371
-0.2625432308229705,0.5610217701084608,0.08939617468622885
-0.2625432308229705,0.5610217701084608,0.08939617468622885
-0.2625432308229705,0.5610217701084608,0.08939617468622885
-0.2625432308229705,0.5610217701084608,0.08939617468622885
-0.10675609222523263,0.5546880731600226,0.41878530834134153
-0.10675609222523263,0.5546880731600226,0.41878530834134153
-0.10675609222523263,0.5546880731600226,0.41878530834134153
-0.10675609222523263,0.5546880731600226,0.41878530834134153
-0.0029638260619648804,0.3742563135949055,-0.11766108350596838
-0.0029638260619648804,0.3742563135949055,-0.11766108350596838
-0.0029638260619648804,0.3742563135949055,-0.11766108350596838
-0.0029638260619648804,0.3742563135949055,-0.11766108350596838
0.07283291088952382,-1.4222943531350367,-0.02732882009443216
0.07283291088952382,-1.4222943531350367,-0.02732882009443216
0.07283291088952382,-1.4222943531350367,-0.02732882009443216
0.07283291088952382,-1.4222943531350367,-0.02732882009443216
0.1179232826097234,0.5042770030655959,0.052331129704594304
0.1179232826097234,0.5042770030655959,0.052331129704594304
0.1179232826097234,0.5042770030655959,0.052331129704594304
0.1179232826097234,0.5042770030655959,0.052331129704594304
-0.03572738612632875,0.5258219413700758,3.5
-0.03572738612632875,0.5258219413700758,3.5
-0.03572738612632875,0.5258219413700758,3.5
-0.03572738612632875,0.5258219413700758,3.5
-0.05499463785826464,-0.9523695269069492,3.5
-0.05499463785826464,-0.9523695269069492,3.5
-0.05499463785826464,-0.9523695269069492,3.5
-0.05499463785826464,-0.9523695269069492,3.5
3.5,2.2956055507271813,3.5
3.5,2.2956055507271813,3.5
3.5,2.2956055507271813,3.5
3.5,2.2956055507271813,3.5
2.0475013133783015,-0.8508168188933709,3.5
2.0475013133783015,-0.8508168188933709,3.5
2.0475013133783015,-0.8508168188933709,3.5
2.0475013133783015,-0.8508168188933709,3.5
-0.0589879176755872,1.8070267543798053,3.5
-0.0589879176755872,1.8070267543798053,3.5
-0.0589879176755872,1.8070267543798053,3.5
-0.0589879176755872,1.8070267543798053,3.5
0.2481166560081185,0.3654521574811227,3.5
0.2481166560081185,0.3654521574811227,3.5
0.2481166560081185,0.3654521574811227,3.5
0.2481166560081185,0.3654521574811227,3.5
0.16149943731242544,1.0236902280624776,2.8511933229868234
0.16149943731242544,1.0236902280624776,2.8511933229868234
0.16149943731242544,1.0236902280624776,2.8511933229868234
0.16149943731242544,1.0236902280624776,2.8511933229868234
-0.42768145044830064,0.42676138345346715,0.15824608281230468
-0.42768145044830064,0.42676138345346715,0.15824608281230468
-0.42768145044830064,0.42676138345346715,0.15824608281230468
-0.42768145044830064,0.42676138345346715,0.15824608281230468
0.07916289589889658,1.340769892003344,0.10307026848848011
0.07916289589889658,1.340769892003344,0.10307026848848011
0.07916289589889658,1.340769892003344,0.10307026848848011
0.07916289589889658,1.340769892003344,0.10307026848848011
-0.14486129899433564,0.6898603233630851,0.2943730557820672
-0.14486129899433564,0.6898603233630851,0.2943730557820672
-0.14486129899433564,0.6898603233630851,0.2943730557820672
-0.14486129899433564,0.6898603233630851,0.2943730557820672
-0.27296372939753866,0.4006001853867289,0.2123532118165059
-0.27296372939753866,0.4006001853867289,0.2123532118165059
-0.27296372939753866,0.4006001853867289,0.2123532118165059
-0.27296372939753866,0.4006001853867289,0.2123532118165059
0.2157620012033803,-0.03446844334305155,0.06614326938265691
0.2157620012033803,-0.03446844334305155,0.06614326938265691
0.2157620012033803,-0.03446844334305155,0.06614326938265691
0.2157620012033803,-0.03446844334305155,0.06614326938265691
0.40670496695133096,0.2167498595614461,-0.2443905348686144
0.40670496695133096,0.2167498595614461,-0.2443905348686144
0.40670496695133096,0.2167498595614461,-0.2443905348686144
0.40670496695133096,0.2167498595614461,-0.2443905348686144
0.19878976638856116,-1.3849702384544997,0.007334506597295842
0.19878976638856116,-1.3849702384544997,0.007334506597295842
0.19878976638856116,-1.3849702384544997,0.007334506597295842
0.19878976638856116,-1.3849702384544997,0.007334506597295842
0.44510928635337876,0.101675161387071,-0.22288209429681416
0.44510928635337876,0.101675161387071,-0.22288209429681416
0.44510928635337876,0.101675161387071,-0.22288209429681416
0.44510928635337876,0.101675161387071,-0.22288209429681416
0.5861722240685339,1.1859971051540228,0.0495511554945125
0.5861722240685339,1.1859971051540228,0.0495511554945125
0.5861722240685339,1.1859971051540228,0.0495511554945125
0.5861722240685339,1.1859971051540228,0.0495511554945125
-0.002319897397001114,-1.7374053990987832,-0.18275968518303642
-0.002319897397001114,-1.7374053990987832,-0.18275968518303642
-0.002319897397001114,-1.7374053990987832,-0.18275968518303642
-0.002319897397001114,-1.7374053990987832,-0.18275968518303642
0.11214847360150415,0.7892067231022608,-0.1964543483163439
0.11214847360150415,0.7892067231022608,-0.1964543483163439
0.11214847360150415,0.7892067231022608,-0.1964543483163439
0.11214847360150415,0.7892067231022608,-0.1964543483163439
0.1727000811450239,-0.6749516696928808,-0.10457895670562323
0.1727000811450239,-0.6749516696928808,-0.10457895670562323
0.1727000811450239,-0.6749516696928808,-0.10457895670562323
0.1727000811450239,-0.6749516696928808,-0.10457895670562323
0.19808688904889138,-0.07596185323479432,0.08970312864656904
0.19808688904889138,-0.07596185323479432,0.08970312864656904
0.19808688904889138,-0.07596185323479432,0.08970312864656904
0.19808688904889138,-0.07596185323479432,0.08970312864656904
0.17649078960851483,1.077508440996695,-0.08686628637124016
0.17649078960851483,1.077508440996695,-0.08686628637124016
0.17649078960851483,1.077508440996695,-0.08686628637124016
0.17649078960851483,1.077508440996695,-0.08686628637124016
0.04740493833289605,-0.3823558712658439,-0.32536735401664885
0.04740493833289605,-0.3823558712658439,-0.32536735401664885
0.04740493833289605,-0.3823558712658439,-0.32536735401664885
0.04740493833289605,-0.3823558712658439,-0.32536735401664885
0.05439926736375611,-0.30202200298202087,0.35116196095904684
0.05439926736375611,-0.30202200298202087,0.35116196095904684
0.05439926736375611,-0.30202200298202087,0.35116196095904684
0.05439926736375611,-0.30202200298202087,0.35116196095904684
-0.10900116212539146,1.3497630803757446,-0.02167271971790541
-0.10900116212539146,1.3497630803757446,-0.02167271971790541
-0.10900116212539146,1.3497630803757446,-0.02167271971790541
-0.10900116212539146,1.3497630803757446,-0.02167271971790541
0.10203466112220383,1.6028224250420067,-0.29848955615357653
0.10203466112220383,1.6028224250420067,-0.29848955615357653
0.10203466112220383,1.6028224250420067,-0.29848955615357653
0.10203466112220383,1.6028224250420067,-0.29848955615357653
0.2772357582218419,-1.59246847630358,0.06340309291201152
0.2772357582218419,-1.59246847630358,0.06340309291201152
0.2772357582218419,-1.59246847630358,0.06340309291201152
0.2772357582218419,-1.59246847630358,0.06340309291201152
0.04611085500952328,1.2576771590352749,0.28076730467000033
0.04611085500952328,1.2576771590352749,0.28076730467000033
0.04611085500952328,1.2576771590352749,0.28076730467000033
0.04611085500952328,1.2576771590352749,0.28076730467000033
-0.04241518916645859,-0.37184820189133916,0.31186044267069235
-0.04241518916645859,-0.37184820189133916,0.31186044267069235
-0.04241518916645859,-0.37184820189133916,0.31186044267069235
-0.04241518916645859,-0.37184820189133916,0.31186044267069235
0.21247221934856242,-0.6017454958704676,-0.00033104001628458946
0.21247221934856242,-0.6017454958704676,-0.00033104001628458946
0.21247221934856242,-0.6017454958704676,-0.00033104001628458946
0.21247221934856242,-0.6017454958704676,-0.00033104001628458946
-0.25408172271548324,1.2066444734571249,-0.15288158001763463
-0.25408172271548324,1.2066444734571249,-0.15288158001763463
-0.25408172271548324,1.2066444734571249,-0.15288158001763463
-0.25408172271548324,1.2066444734571249,-0.15288158001763463
-0.16090365710624965,-0.1952247387188848,0.0944181562427957
-0.16090365710624965,-0.1952247387188848,0.0944181562427957
-0.16090365710624965,-0.1952247387188848,0.0944181562427957
-0.16090365710624965,-0.1952247387188848,0.0944181562427957
-0.02847822724055149,-1.7597368419997608,-0.02853206260353147
-0.02847822724055149,-1.7597368419997608,-0.02853206260353147
-0.02847822724055149,-1.7597368419997608,-0.02853206260353147
-0.02847822724055149,-1.7597368419997608,-0.02853206260353147
-0.05546107338836492,1.87801547177326,0.16288974824872327
-0.05546107338836492,1.87801547177326,0.16288974824872327
-0.05546107338836492,1.87801547177326,0.16288974824872327
-0.05546107338836492,1.87801547177326,0.16288974824872327
0.09219072650299154,-1.3465842859577393,0.3227591244320749
0.09219072650299154,-1.3465842859577393,0.3227591244320749
0.09219072650299154,-1.3465842859577393,0.3227591244320749
0.09219072650299154,-1.3465842859577393,0.3227591244320749
-0.22270766378792572,0.3585046915602135,0.38184933599961823
-0.22270766378792572,0.3585046915602135,0.38184933599961823
-0.22270766378792572,0.3585046915602135,0.38184933599961823
-0.22270766378792572,0.3585046915602135,0.38184933599961823
0.007942460739307933,0.12205504958681246,0.4075197322983328
0.007942460739307933,0.12205504958681246,0.4075197322983328
0.007942460739307933,0.12205504958681246,0.4075197322983328
0.007942460739307933,0.12205504958681246,0.4075197322983328
-0.29586039216323456,1.5576787894407076,0.18708298010890445
-0.29586039216323456,1.5576787894407076,0.18708298010890445
-0.29586039216323456,1.5576787894407076,0.18708298010890445
-0.29586039216323456,1.5576787894407076,0.18708298010890445
-0.3420180672137576,-1.3159351935516952,0.04187129105555698
-0.3420180672137576,-1.3159351935516952,0.04187129105555698
-0.3420180672137576,-1.3159351935516952,0.04187129105555698
-0.3420180672137576,-1.3159351935516952,0.04187129105555698
-0.0925607084936928,-0.81427377175212,0.21330628668306417
-0.0925607084936928,-0.81427377175212,0.21330628668306417
-0.0925607084936928,-0.81427377175212,0.21330628668306417
-0.0925607084936928,-0.81427377175212,0.21330628668306417
-0.008998688275475786,0.5829501939528043,0.0794957289953544
-0.008998688275475786,0.5829501939528043,0.0794957289953544
-0.008998688275475786,0.5829501939528043,0.0794957289953544
-0.008998688275475786,0.5829501939528043,0.0794957289953544
0.14446643346937194,-0.7957562974173698,0.3039015141776602
0.14446643346937194,-0.7957562974173698,0.3039015141776602
0.14446643346937194,-0.7957562974173698,0.3039015141776602
0.14446643346937194,-0.7957562974173698,0.3039015141776602
0.3120297024977674,-0.7961512145303118,0.30090023694814505
0.3120297024977674,-0.7961512145303118,0.30090023694814505
0.3120297024977674,-0.7961512145303118,0.30090023694814505
0.3120297024977674,-0.7961512145303118,0.30090023694814505
0.12649935652775568,2.2751853516538887,0.28476809091461774
0.12649935652775568,2.2751853516538887,0.28476809091461774
0.12649935652775568,2.2751853516538887,0.28476809091461774
0.12649935652775568,2.2751853516538887,0.28476809091461774
-0.13076974459117707,-0.26986525637180137,0.14157244961037918
-0.13076974459117707,-0.26986525637180137,0.14157244961037918
-0.13076974459117707,-0.26986525637180137,0.14157244961037918
-0.13076974459117707,-0.26986525637180137,0.14157244961037918
0.269441150913444,1.3466374583840945,0.08899082562172822
0.269441150913444,1.3466374583840945,0.08899082562172822
0.269441150913444,1.3466374583840945,0.08899082562172822
0.269441150913444,1.3466374583840945,0.08899082562172822
-0.012508063529185875,-2.2013615844575227,-6.56
-0.012508063529185875,-2.2013615844575227,-6.56
-0.012508063529185875,-2.2013615844575227,-6.56
-0.012508063529185875,-2.2013615844575227,-6.56
-0.07410520594627812,2.1873961279504925,-6.56
-0.07410520594627812,2.1873961279504925,-6.56
-0.07410520594627812,2.1873961279504925,-6.56
-0.07410520594627812,2.1873961279504925,-6.56
0.0014495721075142853,-2.181518605740152,-6.56
0.0014495721075142853,-2.181518605740152,-6.56
0.0014495721075142853,-2.181518605740152,-6.56
0.0014495721075142853,-2.181518605740152,-6.56
-0.10088283271794651,-1.102077275368849,-1.4908285500885974
-0.10088283271794651,-1.102077275368849,-1.4908285500885974
-0.10088283271794651,-1.102077275368849,-1.4908285500885974
-0.10088283271794651,-1.102077275368849,-1.4908285500885974
0.09052321001289698,1.8874414130917003,-0.2224713094193227
0.09052321001289698,1.8874414130917003,-0.2224713094193227
0.09052321001289698,1.8874414130917003,-0.2224713094193227
0.09052321001289698,1.8874414130917003,-0.2224713094193227
-0.05978561414598005,-0.848161197467661,0.13296389211802406
-0.05978561414598005,-0.848161197467661,0.13296389211802406
-0.05978561414598005,-0.848161197467661,0.13296389211802406
-0.05978561414598005,-0.848161197467661,0.13296389211802406
-0.14653615174364631,2.277900367188195,-0.24624907244721328
-0.14653615174364631,2.277900367188195,-0.24624907244721328
-0.14653615174364631,2.277900367188195,-0.24624907244721328
-0.14653615174364631,2.277900367188195,-0.24624907244721328
0.08507207499820169,-0.49715997397702694,-0.5687716489279246
0.08507207499820169,-0.49715997397702694,-0.5687716489279246
0.08507207499820169,-0.49715997397702694,-0.5687716489279246
0.08507207499820169,-0.49715997397702694,-0.5687716489279246
-0.039441884613797384,2.4648656763652284,0.01817751209441454
-0.039441884613797384,2.4648656763652284,0.01817751209441454
-0.039441884613797384,2.4648656763652284,0.01817751209441454
-0.039441884613797384,2.4648656763652284,0.01817751209441454
0.379270928013387,-3.4903474938320045,-0.5270084591220865
0.379270928013387,-3.4903474938320045,-0.5270084591220865
0.379270928013387,-3.4903474938320045,-0.5270084591220865
0.379270928013387,-3.4903474938320045,-0.5270084591220865
0.6097139160615974,1.955472646220727,-0.5842412277037639
0.6097139160615974,1.955472646220727,-0.5842412277037639
0.6097139160615974,1.955472646220727,-0.5842412277037639
0.6097139160615974,1.955472646220727,-0.5842412277037639
0.1791351616978929,0.8825080878852631,-0.42396957624830733
0.1791351616978929,0.8825080878852631,-0.42396957624830733
0.1791351616978929,0.8825080878852631,-0.42396957624830733
0.1791351616978929,0.8825080878852631,-0.42396957624830733
0.28913588020585124,-1.9436712412026438,-0.45307848700402076
0.28913588020585124,-1.9436712412026438,-0.45307848700402076
0.28913588020585124,-1.9436712412026438,-0.45307848700402076
0.28913588020585124,-1.9436712412026438,-0.45307848700402076
-0.1402408912361608,-0.19013618305542224,0.18206331122634012
-0.1402408912361608,-0.19013618305542224,0.18206331122634012
-0.1402408912361608,-0.19013618305542224,0.18206331122634012
-0.1402408912361608,-0.19013618305542224,0.18206331122634012
-0.1426648837070097,0.5287260547220427,0.3929226738671012
-0.1426648837070097,0.5287260547220427,0.3929226738671012
-0.1426648837070097,0.5287260547220427,0.3929226738671012
-0.1426648837070097,0.5287260547220427,0.3929226738671012
0.17484214995500125,1.0184065620412213,0.2022124164054162
0.17484214995500125,1.0184065620412213,0.2022124164054162
0.17484214995500125,1.0184065620412213,0.2022124164054162
0.17484214995500125,1.0184065620412213,0.2022124164054162
0.07507298122839501,-0.3312830186182012,-0.21363753245850603
0.07507298122839501,-0.3312830186182012,-0.21363753245850603
0.07507298122839501,-0.3312830186182012,-0.21363753245850603
0.07507298122839501,-0.3312830186182012,-0.21363753245850603
-0.4440990659867019,0.13007982149250097,0.04800560285140065
-0.4440990659867019,0.13007982149250097,0.04800560285140065
-0.4440990659867019,0.13007982149250097,0.04800560285140065
-0.4440990659867019,0.13007982149250097,0.04800560285140065
-0.42143485873397424,0.3508080134717133,-0.0003612559661902992
-0.42143485873397424,0.3508080134717133,-0.0003612559661902992
-0.42143485873397424,0.3508080134717133,-0.0003612559661902992
-0.42143485873397424,0.3508080134717133,-0.0003612559661902992
0.04938088173069488,0.3071720348255127,0.12337405993228501
0.04938088173069488,0.3071720348255127,0.12337405993228501
0.04938088173069488,0.3071720348255127,0.12337405993228501
0.04938088173069488,0.3071720348255127,0.12337405993228501
-0.1303631928689164,1.1297625532828448,-0.027192300525300084
-0.1303631928689164,1.1297625532828448,-0.027192300525300084
-0.1303631928689164,1.1297625532828448,-0.027192300525300084
-0.1303631928689164,1.1297625532828448,-0.027192300525300084
0.10553158151784459,-1.02877717535506,0.03952806000384257
0.10553158151784459,-1.02877717535506,0.03952806000384257
0.10553158151784459,-1.02877717535506,0.03952806000384257
0.10553158151784459,-1.02877717535506,0.03952806000384257
0.013111828406692894,-0.38221762083571065,-0.2941424023338399
0.013111828406692894,-0.38221762083571065,-0.2941424023338399
0.013111828406692894,-0.38221762083571065,-0.2941424023338399
0.013111828406692894,-0.38221762083571065,-0.2941424023338399
-0.18066171676219867,1.871698587792146,0.016561777005097866
-0.18066171676219867,1.871698587792146,0.016561777005097866
-0.18066171676219867,1.871698587792146,0.016561777005097866
-0.18066171676219867,1.871698587792146,0.016561777005097866
-0.4034166739039975,-0.10233223912697298,-0.2551104296779414
-0.4034166739039975,-0.10233223912697298,-0.2551104296779414
-0.4034166739039975,-0.10233223912697298,-0.2551104296779414
-0.4034166739039975,-0.10233223912697298,-0.2551104296779414
-0.12542071669076904,-0.734994074382044,-0.1490096205541711
-0.12542071669076904,-0.734994074382044,-0.1490096205541711
-0.12542071669076904,-0.734994074382044,-0.1490096205541711
-0.12542071669076904,-0.734994074382044,-0.1490096205541711
0.1754364836321507,1.3674498091306049,0.016621829791606757
0.1754364836321507,1.3674498091306049,0.016621829791606757
0.1754364836321507,1.3674498091306049,0.016621829791606757
0.1754364836321507,1.3674498091306049,0.016621829791606757
-0.5614629835109284,0.40973408803537836,0.08745795152924529
-0.5614629835109284,0.40973408803537836,0.08745795152924529
-0.5614629835109284,0.40973408803537836,0.08745795152924529
-0.5614629835109284,0.40973408803537836,0.08745795152924529
-0.12037084556676447,0.5161858530676184,0.005912761180315584
-0.12037084556676447,0.5161858530676184,0.005912761180315584
-0.12037084556676447,0.5161858530676184,0.005912761180315584
-0.12037084556676447,0.5161858530676184,0.005912761180315584
-0.21140100414260843,-0.6070470565462927,-0.1456337028148127
-0.21140100414260843,-0.6070470565462927,-0.1456337028148127
-0.21140100414260843,-0.6070470565462927,-0.1456337028148127
-0.21140100414260843,-0.6070470565462927,-0.1456337028148127
0.24884108516756243,0.23225385973242396,-0.2297207542249744
0.24884108516756243,0.23225385973242396,-0.2297207542249744
0.24884108516756243,0.23225385973242396,-0.2297207542249744
0.24884108516756243,0.23225385973242396,-0.2297207542249744
0.2550738158672914,0.30593226247493277,-0.12041880955031559
0.2550738158672914,0.30593226247493277,-0.12041880955031559
0.2550738158672914,0.30593226247493277,-0.12041880955031559
0.2550738158672914,0.30593226247493277,-0.12041880955031559
0.3078597414555233,-0.1477913923788634,-0.0390819656767718
0.3078597414555233,-0.1477913923788634,-0.0390819656767718
0.3078597414555233,-0.1477913923788634,-0.0390819656767718
0.3078597414555233,-0.1477913923788634,-0.0390819656767718
0.3884758064277172,-0.6760626282378297,0.07250870168899226
0.3884758064277172,-0.6760626282378297,0.07250870168899226
0.3884758064277172,-0.6760626282378297,0.07250870168899226
0.3884758064277172,-0.6760626282378297,0.07250870168899226
0.5511314797198885,-0.22580460120532564,0.11733128333797183
0.5511314797198885,-0.22580460120532564,0.11733128333797183
0.5511314797198885,-0.22580460120532564,0.11733128333797183
0.5511314797198885,-0.22580460120532564,0.11733128333797183
0.17248040318761326,1.121607302673155,0.19390981618768777
0.17248040318761326,1.121607302673155,0.19390981618768777
0.17248040318761326,1.121607302673155,0.19390981618768777
0.17248040318761326,1.121607302673155,0.19390981618768777
-0.010203980317893269,-2.3952773706294366,-0.09188183863025401
-0.010203980317893269,-2.3952773706294366,-0.09188183863025401
-0.010203980317893269,-2.3952773706294366,-0.09188183863025401
-0.010203980317893269,-2.3952773706294366,-0.09188183863025401
-0.30901072219956305,1.7713799597210382,0.0725957220986686
-0.30901072219956305,1.7713799597210382,0.0725957220986686
-0.30901072219956305,1.7713799597210382,0.0725957220986686
-0.30901072219956305,1.7713799597210382,0.0725957220986686
-0.23535295656526145,-0.9350439006721061,0.0860161085925597
-0.23535295656526145,-0.9350439006721061,0.0860161085925597
-0.23535295656526145,-0.9350439006721061,0.0860161085925597
-0.23535295656526145,-0.9350439006721061,0.0860161085925597
0.09963006139584252,-0.4842382970768284,-0.10806225029123695
0.09963006139584252,-0.4842382970768284,-0.10806225029123695
0.09963006139584252,-0.4842382970768284,-0.10806225029123695
0.09963006139584252,-0.4842382970768284,-0.10806225029123695
0.23090857386342378,0.09820443284118596,0.20704254678156175
0.23090857386342378,0.09820443284118596,0.20704254678156175
0.23090857386342378,0.09820443284118596,0.20704254678156175
0.23090857386342378,0.09820443284118596,0.20704254678156175
-0.10759494321944274,-0.38268532054767945,0.13062875041102373
-0.10759494321944274,-0.38268532054767945,0.13062875041102373
-0.10759494321944274,-0.38268532054767945,0.13062875041102373
-0.10759494321944274,-0.38268532054767945,0.13062875041102373
0.2880971827655614,-0.13406904882679527,-0.1609828749783908
0.2880971827655614,-0.13406904882679527,-0.1609828749783908
0.2880971827655614,-0.13406904882679527,-0.1609828749783908
0.2880971827655614,-0.13406904882679527,-0.1609828749783908
-0.022886727796510797,2.425725380563577,0.18831479004769136
-0.022886727796510797,2.425725380563577,0.18831479004769136
-0.022886727796510797,2.425725380563577,0.18831479004769136
-0.022886727796510797,2.425725380563577,0.18831479004769136
0.4436996675470297,-1.6679624672246263,0.32199358668676936
0.4436996675470297,-1.6679624672246263,0.32199358668676936
0.4436996675470297,-1.6679624672246263,0.32199358668676936
0.4436996675470297,-1.6679624672246263,0.32199358668676936
0.1907182235327376,1.7334312402951042,0.23861448564192145
0.1907182235327376,1.7334312402951042,0.23861448564192145
0.1907182235327376,1.7334312402951042,0.23861448564192145
0.1907182235327376,1.7334312402951042,0.23861448564192145
0.13177568435855846,-0.6252324232684927,-0.049250421713960435
0.13177568435855846,-0.6252324232684927,-0.049250421713960435
0.13177568435855846,-0.6252324232684927,-0.049250421713960435
0.13177568435855846,-0.6252324232684927,-0.049250421713960435
-0.05912322464012476,0.17133452341538202,0.024354403616953846
-0.05912322464012476,0.17133452341538202,0.024354403616953846
-0.05912322464012476,0.17133452341538202,0.024354403616953846
-0.05912322464012476,0.17133452341538202,0.024354403616953846
-0.44317257006607136,1.4133464957578212,-0.027484415601364276
-0.44317257006607136,1.4133464957578212,-0.027484415601364276
-0.44317257006607136,1.4133464957578212,-0.027484415601364276
-0.44317257006607136,1.4133464957578212,-0.027484415601364276
-0.318187522017233,0.903641672596919,-0.03214149264941568
-0.318187522017233,0.903641672596919,-0.03214149264941568
-0.318187522017233,0.903641672596919,-0.03214149264941568
-0.318187522017233,0.903641672596919,-0.03214149264941568
-0.47831737530286134,-1.1728798777546032,0.2324391668779846
-0.47831737530286134,-1.1728798777546032,0.2324391668779846
-0.47831737530286134,-1.1728798777546032,0.2324391668779846
-0.47831737530286134,-1.1728798777546032,0.2324391668779846
0.10859752174662063,-0.04535664461793232,0.006117528755513746
0.10859752174662063,-0.04535664461793232,0.006117528755513746
0.10859752174662063,-0.04535664461793232,0.006117528755513746
0.10859752174662063,-0.04535664461793232,0.006117528755513746
-0.013689538060926765,-0.6117829529839867,0.15128085122894674
-0.013689538060926765,-0.6117829529839867,0.15128085122894674
-0.013689538060926765,-0.6117829529839867,0.15128085122894674
-0.013689538060926765,-0.6117829529839867,0.15128085122894674
0.2732876376148461,1.0168949755119172,-0.07113733688242263
0.2732876376148461,1.0168949755119172,-0.07113733688242263
0.2732876376148461,1.0168949755119172,-0.07113733688242263
0.2732876376148461,1.0168949755119172,-0.07113733688242263
0.3651354165564875,0.764621191291937,0.033781327883712464
0.3651354165564875,0.764621191291937,0.033781327883712464
0.3651354165564875,0.764621191291937,0.033781327883712464
0.3651354165564875,0.764621191291937,0.033781327883712464
-0.24716004247394352,-0.12925451832694534,-0.14220911375210932
-0.24716004247394352,-0.12925451832694534,-0.14220911375210932
-0.24716004247394352,-0.12925451832694534,-0.14220911375210932
-0.24716004247394352,-0.12925451832694534,-0.14220911375210932
-0.017881647081971153,1.1646591596542564,0.046210948959654274
-0.017881647081971153,1.1646591596542564,0.046210948959654274
-0.017881647081971153,1.1646591596542564,0.046210948959654274
-0.017881647081971153,1.1646591596542564,0.046210948959654274
0.22359862741065228,-2.257288236166488,0.23493681126802102
0.22359862741065228,-2.257288236166488,0.23493681126802102
0.22359862741065228,-2.257288236166488,0.23493681126802102
0.22359862741065228,-2.257288236166488,0.23493681126802102
0.11456171345567512,0.7371210006502764,2.0681061666520435
0.11456171345567512,0.7371210006502764,2.0681061666520435
0.11456171345567512,0.7371210006502764,2.0681061666520435
0.11456171345567512,0.7371210006502764,2.0681061666520435
0.31901487882570123,-0.7881716634419575,0.9277532557053654
0.31901487882570123,-0.7881716634419575,0.9277532557053654
0.31901487882570123,-0.7881716634419575,0.9277532557053654
0.31901487882570123,-0.7881716634419575,0.9277532557053654
0.17526463857709018,-0.17352246614585454,0.2417322521522216
0.17526463857709018,-0.17352246614585454,0.2417322521522216
0.17526463857709018,-0.17352246614585454,0.2417322521522216
0.17526463857709018,-0.17352246614585454,0.2417322521522216
-0.04691299256352721,1.8279915219780634,0.2998621011752398
-0.04691299256352721,1.8279915219780634,0.2998621011752398
-0.04691299256352721,1.8279915219780634,0.2998621011752398
-0.04691299256352721,1.8279915219780634,0.2998621011752398
-0.21419474363169755,-1.1936019847673478,0.14928391790057916
-0.21419474363169755,-1.1936019847673478,0.14928391790057916
-0.21419474363169755,-1.1936019847673478,0.14928391790057916
-0.21419474363169755,-1.1936019847673478,0.14928391790057916
-0.10416488216243636,1.009476918809355,0.11895104895603836
-0.10416488216243636,1.009476918809355,0.11895104895603836
-0.10416488216243636,1.009476918809355,0.11895104895603836
-0.10416488216243636,1.009476918809355,0.11895104895603836
-0.039148091561841625,-0.7189409846656574,-0.01849361178345532
-0.039148091561841625,-0.7189409846656574,-0.01849361178345532
-0.039148091561841625,-0.7189409846656574,-0.01849361178345532
-0.039148091561841625,-0.7189409846656574,-0.01849361178345532
-0.05146385946770593,0.6378618801796421,-0.2703738922059493
-0.05146385946770593,0.6378618801796421,-0.2703738922059493
-0.05146385946770593,0.6378618801796421,-0.2703738922059493
-0.05146385946770593,0.6378618801796421,-0.2703738922059493
0.10159854322462891,-0.7999153857361279,-0.11755966883858093
0.10159854322462891,-0.7999153857361279,-0.11755966883858093
0.10159854322462891,-0.7999153857361279,-0.11755966883858093
0.10159854322462891,-0.7999153857361279,-0.11755966883858093
0.3106508651418487,-0.8383392737653921,-0.14999705109691064
0.3106508651418487,-0.8383392737653921,-0.14999705109691064
0.3106508651418487,-0.8383392737653921,-0.14999705109691064
0.3106508651418487,-0.8383392737653921,-0.14999705109691064
0.2611212147549047,-0.6253225364083832,-0.09376340700648811
0.2611212147549047,-0.6253225364083832,-0.09376340700648811
0.2611212147549047,-0.6253225364083832,-0.09376340700648811
0.2611212147549047,-0.6253225364083832,-0.09376340700648811
0.02439244870523538,-0.3619946027885561,-0.13032505085137203
0.02439244870523538,-0.3619946027885561,-0.13032505085137203
0.02439244870523538,-0.3619946027885561,-0.13032505085137203
0.02439244870523538,-0.3619946027885561,-0.13032505085137203
-0.36700377920655924,2.460064579726861,0.03573634852895324
-0.36700377920655924,2.460064579726861,0.03573634852895324
-0.36700377920655924,2.460064579726861,0.03573634852895324
-0.36700377920655924,2.460064579726861,0.03573634852895324
-0.1154264310004578,-1.104224204353308,-0.32454727585730225
-0.1154264310004578,-1.104224204353308,-0.32454727585730225
-0.1154264310004578,-1.104224204353308,-0.32454727585730225
-0.1154264310004578,-1.104224204353308,-0.32454727585730225
-0.5062331707928145,-1.5350932086822908,0.23390329615320482
-0.5062331707928145,-1.5350932086822908,0.23390329615320482
-0.5062331707928145,-1.5350932086822908,0.23390329615320482
-0.5062331707928145,-1.5350932086822908,0.23390329615320482
-0.032396370803127184,1.8496620626360567,0.10536407980130846
-0.032396370803127184,1.8496620626360567,0.10536407980130846
-0.032396370803127184,1.8496620626360567,0.10536407980130846
-0.032396370803127184,1.8496620626360567,0.10536407980130846
-0.16110001942131547,-2.09301819182469,-0.32856697170977256
-0.16110001942131547,-2.09301819182469,-0.32856697170977256
-0.16110001942131547,-2.09301819182469,-0.32856697170977256
-0.16110001942131547,-2.09301819182469,-0.32856697170977256
-0.09394404490586439,2.365667716027005,0.3440049591897534
-0.09394404490586439,2.365667716027005,0.3440049591897534
-0.09394404490586439,2.365667716027005,0.3440049591897534
-0.09394404490586439,2.365667716027005,0.3440049591897534
0.3551212500881533,-3.184955752339725,-0.3336112652152039
0.3551212500881533,-3.184955752339725,-0.3336112652152039
0.3551212500881533,-3.184955752339725,-0.3336112652152039
0.3551212500881533,-3.184955752339725,-0.3336112652152039
0.04469855699859693,0.576137849498906,-0.37452301051017045
0.04469855699859693,0.576137849498906,-0.37452301051017045
0.04469855699859693,0.576137849498906,-0.37452301051017045
0.04469855699859693,0.576137849498906,-0.37452301051017045
-0.009996613996104742,0.6873782541960054,-0.2627176823015347
-0.009996613996104742,0.6873782541960054,-0.2627176823015347
-0.009996613996104742,0.6873782541960054,-0.2627176823015347
-0.009996613996104742,0.6873782541960054,-0.2627176823015347
0.0710056716220322,-0.16941359926027388,0.19911606848554797
0.0710056716220322,-0.16941359926027388,0.19911606848554797
0.0710056716220322,-0.16941359926027388,0.19911606848554797
0.0710056716220322,-0.16941359926027388,0.19911606848554797
0.018091400908051725,-0.3241595935108279,-0.23537137932523322
0.018091400908051725,-0.3241595935108279,-0.23537137932523322
0.018091400908051725,-0.3241595935108279,-0.23537137932523322
0.018091400908051725,-0.3241595935108279,-0.23537137932523322
