c0.a,c1.a,i0.a
0.0,3.5,0.0
0.0,3.5,0.0
0.0,3.5,0.0
0.0,3.5,0.0
0.0,3.5,0.0
-0.10400787243293763,3.5,0.03964092762617355
-0.10400787243293763,3.5,0.03964092762617355
-0.10400787243293763,3.5,0.03964092762617355
-0.10400787243293763,3.5,0.03964092762617355
-0.10400787243293763,3.5,0.03964092762617355
-0.09468401407791305,-6.56,0.11848774381588711
-0.09468401407791305,-6.56,0.11848774381588711
-0.09468401407791305,-6.56,0.11848774381588711
-0.09468401407791305,-6.56,0.11848774381588711
-0.09468401407791305,-6.56,0.11848774381588711
-0.10400674910889052,-5.667193324497106,0.185460863825206
-0.10400674910889052,-5.667193324497106,0.185460863825206
-0.10400674910889052,-5.667193324497106,0.185460863825206
-0.10400674910889052,-5.667193324497106,0.185460863825206
-0.10400674910889052,-5.667193324497106,0.185460863825206
-0.09155175811781646,3.5,0.2529461429983648
-0.09155175811781646,3.5,0.2529461429983648
-0.09155175811781646,3.5,0.2529461429983648
-0.09155175811781646,3.5,0.2529461429983648
-0.09155175811781646,3.5,0.2529461429983648
-0.283230606534417,-6.56,0.016102572915023927
-0.283230606534417,-6.56,0.016102572915023927
-0.283230606534417,-6.56,0.016102572915023927
-0.283230606534417,-6.56,0.016102572915023927
-0.283230606534417,-6.56,0.016102572915023927
-0.4518887982777926,-1.644416813613681,-0.10261522616328023
-0.4518887982777926,-1.644416813613681,-0.10261522616328023
-0.4518887982777926,-1.644416813613681,-0.10261522616328023
-0.4518887982777926,-1.644416813613681,-0.10261522616328023
-0.4518887982777926,-1.644416813613681,-0.10261522616328023
0.1603286644605788,3.082109632916392,-0.1051857797182798
0.1603286644605788,3.082109632916392,-0.1051857797182798
0.1603286644605788,3.082109632916392,-0.1051857797182798
0.1603286644605788,3.082109632916392,-0.1051857797182798
0.1603286644605788,3.082109632916392,-0.1051857797182798
-0.10049192010635011,-0.0994252350940954,0.07035063755735038
-0.10049192010635011,-0.0994252350940954,0.07035063755735038
-0.10049192010635011,-0.0994252350940954,0.07035063755735038
-0.10049192010635011,-0.0994252350940954,0.07035063755735038
-0.10049192010635011,-0.0994252350940954,0.07035063755735038
0.22501982374777185,-1.3176042253027163,-0.06800711507080237
0.22501982374777185,-1.3176042253027163,-0.06800711507080237
0.22501982374777185,-1.3176042253027163,-0.06800711507080237
0.22501982374777185,-1.3176042253027163,-0.06800711507080237
0.22501982374777185,-1.3176042253027163,-0.06800711507080237
-0.14335661916194198,1.418713370230762,-0.45736414747991816
-0.14335661916194198,1.418713370230762,-0.45736414747991816
-0.14335661916194198,1.418713370230762,-0.45736414747991816
-0.14335661916194198,1.418713370230762,-0.45736414747991816
-0.14335661916194198,1.418713370230762,-0.45736414747991816
0.15250859993590637,-0.30529212539812534,-0.33249801069388596
0.15250859993590637,-0.30529212539812534,-0.33249801069388596
0.15250859993590637,-0.30529212539812534,-0.33249801069388596
0.15250859993590637,-0.30529212539812534,-0.33249801069388596
0.15250859993590637,-0.30529212539812534,-0.33249801069388596
0.07447406729893302,-2.7059481251313073,-0.32595980486781073
0.07447406729893302,-2.7059481251313073,-0.32595980486781073
0.07447406729893302,-2.7059481251313073,-0.32595980486781073
0.07447406729893302,-2.7059481251313073,-0.32595980486781073
0.07447406729893302,-2.7059481251313073,-0.32595980486781073
-0.035551506321780835,3.3524043984883036,0.17439188592002353
-0.035551506321780835,3.3524043984883036,0.17439188592002353
-0.035551506321780835,3.3524043984883036,0.17439188592002353
-0.035551506321780835,3.3524043984883036,0.17439188592002353
-0.035551506321780835,3.3524043984883036,0.17439188592002353
0.013533016943213738,0.5220724624019084,0.050992588769116054
0.013533016943213738,0.5220724624019084,0.050992588769116054
0.013533016943213738,0.5220724624019084,0.050992588769116054
0.013533016943213738,0.5220724624019084,0.050992588769116054
0.013533016943213738,0.5220724624019084,0.050992588769116054
-0.19363670188982596,-4.686219464689152,0.20381179226971824
-0.19363670188982596,-4.686219464689152,0.20381179226971824
-0.19363670188982596,-4.686219464689152,0.20381179226971824
-0.19363670188982596,-4.686219464689152,0.20381179226971824
-0.19363670188982596,-4.686219464689152,0.20381179226971824
-0.19168086052307842,3.5,-0.08694417817815747
-0.19168086052307842,3.5,-0.08694417817815747
-0.19168086052307842,3.5,-0.08694417817815747
-0.19168086052307842,3.5,-0.08694417817815747
-0.19168086052307842,3.5,-0.08694417817815747
0.2579278726712424,1.4637306968618589,0.3257624047736485
0.2579278726712424,1.4637306968618589,0.3257624047736485
0.2579278726712424,1.4637306968618589,0.3257624047736485
0.2579278726712424,1.4637306968618589,0.3257624047736485
0.2579278726712424,1.4637306968618589,0.3257624047736485
0.004812107252316622,-2.8233962256700806,0.12955882063224777
0.004812107252316622,-2.8233962256700806,0.12955882063224777
0.004812107252316622,-2.8233962256700806,0.12955882063224777
0.004812107252316622,-2.8233962256700806,0.12955882063224777
0.004812107252316622,-2.8233962256700806,0.12955882063224777
0.01069615106818489,3.5,-0.27763357094993424
0.01069615106818489,3.5,-0.27763357094993424
0.01069615106818489,3.5,-0.27763357094993424
0.01069615106818489,3.5,-0.27763357094993424
0.01069615106818489,3.5,-0.27763357094993424
0.2709611221489645,-2.619733519549392,0.023850935958783737
0.2709611221489645,-2.619733519549392,0.023850935958783737
0.2709611221489645,-2.619733519549392,0.023850935958783737
0.2709611221489645,-2.619733519549392,0.023850935958783737
0.2709611221489645,-2.619733519549392,0.023850935958783737
-0.12455018103020876,3.5,-0.2295002760368341
-0.12455018103020876,3.5,-0.2295002760368341
-0.12455018103020876,3.5,-0.2295002760368341
-0.12455018103020876,3.5,-0.2295002760368341
-0.12455018103020876,3.5,-0.2295002760368341
-0.3682256225579401,-1.8933307521970804,-0.01728666876038787
-0.3682256225579401,-1.8933307521970804,-0.01728666876038787
-0.3682256225579401,-1.8933307521970804,-0.01728666876038787
-0.3682256225579401,-1.8933307521970804,-0.01728666876038787
-0.3682256225579401,-1.8933307521970804,-0.01728666876038787
0.006967305415123803,3.5,0.0653388352922839
0.006967305415123803,3.5,0.0653388352922839
0.006967305415123803,3.5,0.0653388352922839
0.006967305415123803,3.5,0.0653388352922839
0.006967305415123803,3.5,0.0653388352922839
-0.21079124957141104,-6.56,0.2480378331143065
-0.21079124957141104,-6.56,0.2480378331143065
-0.21079124957141104,-6.56,0.2480378331143065
-0.21079124957141104,-6.56,0.2480378331143065
-0.21079124957141104,-6.56,0.2480378331143065
-0.32142509055870505,2.13872135285429,0.25012958344439795
-0.32142509055870505,2.13872135285429,0.25012958344439795
-0.32142509055870505,2.13872135285429,0.25012958344439795
-0.32142509055870505,2.13872135285429,0.25012958344439795
-0.32142509055870505,2.13872135285429,0.25012958344439795
-0.4228692475440319,-0.08388053789786909,-0.18083382145368887
-0.4228692475440319,-0.08388053789786909,-0.18083382145368887
-0.4228692475440319,-0.08388053789786909,-0.18083382145368887
-0.4228692475440319,-0.08388053789786909,-0.18083382145368887
-0.4228692475440319,-0.08388053789786909,-0.18083382145368887
0.1706493735974952,-0.7298538572886173,0.16448277300158054
0.1706493735974952,-0.7298538572886173,0.16448277300158054
0.1706493735974952,-0.7298538572886173,0.16448277300158054
0.1706493735974952,-0.7298538572886173,0.16448277300158054
0.1706493735974952,-0.7298538572886173,0.16448277300158054
0.17024660064818065,0.9383843102771081,0.3668437451799065
0.17024660064818065,0.9383843102771081,0.3668437451799065
0.17024660064818065,0.9383843102771081,0.3668437451799065
0.17024660064818065,0.9383843102771081,0.3668437451799065
0.17024660064818065,0.9383843102771081,0.3668437451799065
-0.15457998954486385,0.9270551681438732,0.26714519308285745
-0.15457998954486385,0.9270551681438732,0.26714519308285745
-0.15457998954486385,0.9270551681438732,0.26714519308285745
-0.15457998954486385,0.9270551681438732,0.26714519308285745
-0.15457998954486385,0.9270551681438732,0.26714519308285745
-0.08469075777535195,0.3477553787729093,0.0897766355669134
-0.08469075777535195,0.3477553787729093,0.0897766355669134
-0.08469075777535195,0.3477553787729093,0.0897766355669134
-0.08469075777535195,0.3477553787729093,0.0897766355669134
-0.08469075777535195,0.3477553787729093,0.0897766355669134
-0.06076058326432232,-1.6579803136422058,0.10763629567016864
-0.06076058326432232,-1.6579803136422058,0.10763629567016864
-0.06076058326432232,-1.6579803136422058,0.10763629567016864
-0.06076058326432232,-1.6579803136422058,0.10763629567016864
-0.06076058326432232,-1.6579803136422058,0.10763629567016864
-0.4048091425176672,-0.43593160628007155,-0.10999893629057667
-0.4048091425176672,-0.43593160628007155,-0.10999893629057667
-0.4048091425176672,-0.43593160628007155,-0.10999893629057667
-0.4048091425176672,-0.43593160628007155,-0.10999893629057667
-0.4048091425176672,-0.43593160628007155,-0.10999893629057667
0.3642198999434427,0.6156140446087051,-0.228415636234935
0.3642198999434427,0.6156140446087051,-0.228415636234935
0.3642198999434427,0.6156140446087051,-0.228415636234935
0.3642198999434427,0.6156140446087051,-0.228415636234935
0.3642198999434427,0.6156140446087051,-0.228415636234935
-0.17115755333435345,1.413601288688831,-0.06613824322419504
-0.17115755333435345,1.413601288688831,-0.06613824322419504
-0.17115755333435345,1.413601288688831,-0.06613824322419504
-0.17115755333435345,1.413601288688831,-0.06613824322419504
-0.17115755333435345,1.413601288688831,-0.06613824322419504
-0.4020152203263798,-3.1616401148963718,-0.07555842852525885
-0.4020152203263798,-3.1616401148963718,-0.07555842852525885
-0.4020152203263798,-3.1616401148963718,-0.07555842852525885
-0.4020152203263798,-3.1616401148963718,-0.07555842852525885
-0.4020152203263798,-3.1616401148963718,-0.07555842852525885
0.03107187412000556,1.9807132092752013,-0.0318951949330426
0.03107187412000556,1.9807132092752013,-0.0318951949330426
0.03107187412000556,1.9807132092752013,-0.0318951949330426
0.03107187412000556,1.9807132092752013,-0.0318951949330426
0.03107187412000556,1.9807132092752013,-0.0318951949330426
-0.520928674092648,-2.255693322458022,0.09764698693440721
-0.520928674092648,-2.255693322458022,0.09764698693440721
-0.520928674092648,-2.255693322458022,0.09764698693440721
-0.520928674092648,-2.255693322458022,0.09764698693440721
-0.520928674092648,-2.255693322458022,0.09764698693440721
-0.9337277802246149,3.5,-0.1477241037076631
-0.9337277802246149,3.5,-0.1477241037076631
-0.9337277802246149,3.5,-0.1477241037076631
-0.9337277802246149,3.5,-0.1477241037076631
-0.9337277802246149,3.5,-0.1477241037076631
-0.4919735837240111,-0.7031634949170211,0.01737993783375913
-0.4919735837240111,-0.7031634949170211,0.01737993783375913
-0.4919735837240111,-0.7031634949170211,0.01737993783375913
-0.4919735837240111,-0.7031634949170211,0.01737993783375913
-0.4919735837240111,-0.7031634949170211,0.01737993783375913
-0.43893197687480523,-0.6153863742187937,0.38100526003560375
-0.43893197687480523,-0.6153863742187937,0.38100526003560375
-0.43893197687480523,-0.6153863742187937,0.38100526003560375
-0.43893197687480523,-0.6153863742187937,0.38100526003560375
-0.43893197687480523,-0.6153863742187937,0.38100526003560375
-0.22785356488894948,-1.2684911713143947,-0.02398205081643212
-0.22785356488894948,-1.2684911713143947,-0.02398205081643212
-0.22785356488894948,-1.2684911713143947,-0.02398205081643212
-0.22785356488894948,-1.2684911713143947,-0.02398205081643212
-0.22785356488894948,-1.2684911713143947,-0.02398205081643212
-0.2140420683013886,1.5204333652527282,-0.24331736144637262
-0.2140420683013886,1.5204333652527282,-0.24331736144637262
-0.2140420683013886,1.5204333652527282,-0.24331736144637262
-0.2140420683013886,1.5204333652527282,-0.24331736144637262
-0.2140420683013886,1.5204333652527282,-0.24331736144637262
0.041098045882694834,-2.631211574610866,-0.419386225090598
0.041098045882694834,-2.631211574610866,-0.419386225090598
0.041098045882694834,-2.631211574610866,-0.419386225090598
0.041098045882694834,-2.631211574610866,-0.419386225090598
0.041098045882694834,-2.631211574610866,-0.419386225090598
-0.43270824756795534,3.5,0.041179825220915234
-0.43270824756795534,3.5,0.041179825220915234
-0.43270824756795534,3.5,0.041179825220915234
-0.43270824756795534,3.5,0.041179825220915234
-0.43270824756795534,3.5,0.041179825220915234
0.1702351026930664,3.5,-0.04549329952356018
0.1702351026930664,3.5,-0.04549329952356018
0.1702351026930664,3.5,-0.04549329952356018
0.1702351026930664,3.5,-0.04549329952356018
0.1702351026930664,3.5,-0.04549329952356018
-0.10767277176792334,-1.5537556727857762,-0.29710763780705207
-0.10767277176792334,-1.5537556727857762,-0.29710763780705207
-0.10767277176792334,-1.5537556727857762,-0.29710763780705207
-0.10767277176792334,-1.5537556727857762,-0.29710763780705207
-0.10767277176792334,-1.5537556727857762,-0.29710763780705207
0.08507936991384923,0.40359506956712465,-0.11502920918814752
0.08507936991384923,0.40359506956712465,-0.11502920918814752
0.08507936991384923,0.40359506956712465,-0.11502920918814752
0.08507936991384923,0.40359506956712465,-0.11502920918814752
0.08507936991384923,0.40359506956712465,-0.11502920918814752
0.43629349396786665,-3.1670881515487466,0.12097507872088187
0.43629349396786665,-3.1670881515487466,0.12097507872088187
0.43629349396786665,-3.1670881515487466,0.12097507872088187
0.43629349396786665,-3.1670881515487466,0.12097507872088187
0.43629349396786665,-3.1670881515487466,0.12097507872088187
-0.04339884444371478,-1.391155983582287,-0.11748200248121066
-0.04339884444371478,-1.391155983582287,-0.11748200248121066
-0.04339884444371478,-1.391155983582287,-0.11748200248121066
-0.04339884444371478,-1.391155983582287,-0.11748200248121066
-0.04339884444371478,-1.391155983582287,-0.11748200248121066
0.2752888438981351,2.5621283944547173,0.2153255792376143
0.2752888438981351,2.5621283944547173,0.2153255792376143
0.2752888438981351,2.5621283944547173,0.2153255792376143
0.2752888438981351,2.5621283944547173,0.2153255792376143
0.2752888438981351,2.5621283944547173,0.2153255792376143
0.06531725943836264,0.5239444450470288,-0.06350601767326225
0.06531725943836264,0.5239444450470288,-0.06350601767326225
0.06531725943836264,0.5239444450470288,-0.06350601767326225
0.06531725943836264,0.5239444450470288,-0.06350601767326225
0.06531725943836264,0.5239444450470288,-0.06350601767326225
0.025158604603291224,-4.863865396059822,0.3301668982728181
0.025158604603291224,-4.863865396059822,0.3301668982728181
0.025158604603291224,-4.863865396059822,0.3301668982728181
0.025158604603291224,-4.863865396059822,0.3301668982728181
0.025158604603291224,-4.863865396059822,0.3301668982728181
0.08143047530375114,3.5,0.12277956167491766
0.08143047530375114,3.5,0.12277956167491766
0.08143047530375114,3.5,0.12277956167491766
0.08143047530375114,3.5,0.12277956167491766
0.08143047530375114,3.5,0.12277956167491766
-0.30168006242505996,-5.665509745035337,-0.37132928066727544
-0.30168006242505996,-5.665509745035337,-0.37132928066727544
-0.30168006242505996,-5.665509745035337,-0.37132928066727544
-0.30168006242505996,-5.665509745035337,-0.37132928066727544
-0.30168006242505996,-5.665509745035337,-0.37132928066727544
-0.018513500777910252,3.5,0.14403353066434121
-0.018513500777910252,3.5,0.14403353066434121
-0.018513500777910252,3.5,0.14403353066434121
-0.018513500777910252,3.5,0.14403353066434121
-0.018513500777910252,3.5,0.14403353066434121
-0.14377346842656635,3.5,-0.08689403910576488
-0.14377346842656635,3.5,-0.08689403910576488
-0.14377346842656635,3.5,-0.08689403910576488
-0.14377346842656635,3.5,-0.08689403910576488
-0.14377346842656635,3.5,-0.08689403910576488
-0.3000357881146911,-1.4513212034019958,-0.1287797787534295
-0.3000357881146911,-1.4513212034019958,-0.1287797787534295
-0.3000357881146911,-1.4513212034019958,-0.1287797787534295
-0.3000357881146911,-1.4513212034019958,-0.1287797787534295
-0.3000357881146911,-1.4513212034019958,-0.1287797787534295
-0.08618202272899111,-0.4432106680460066,0.03052664551384865
-0.08618202272899111,-0.4432106680460066,0.03052664551384865
-0.08618202272899111,-0.4432106680460066,0.03052664551384865
-0.08618202272899111,-0.4432106680460066,0.03052664551384865
-0.08618202272899111,-0.4432106680460066,0.03052664551384865
0.03477968844194734,0.1940031034303331,0.20238020840731963
0.03477968844194734,0.1940031034303331,0.20238020840731963
0.03477968844194734,0.1940031034303331,0.20238020840731963
0.03477968844194734,0.1940031034303331,0.20238020840731963
0.03477968844194734,0.1940031034303331,0.20238020840731963
0.2912633056323024,-0.2980352542521345,-0.056476306597716075
0.2912633056323024,-0.2980352542521345,-0.056476306597716075
0.2912633056323024,-0.2980352542521345,-0.056476306597716075
0.2912633056323024,-0.2980352542521345,-0.056476306597716075
0.2912633056323024,-0.2980352542521345,-0.056476306597716075
-0.5410640721475097,-0.5331813842142807,0.07550475922645816
-0.5410640721475097,-0.5331813842142807,0.07550475922645816
-0.5410640721475097,-0.5331813842142807,0.07550475922645816
-0.5410640721475097,-0.5331813842142807,0.07550475922645816
-0.5410640721475097,-0.5331813842142807,0.07550475922645816
-0.04478082622226154,2.145626785274942,-0.14019894305886993
-0.04478082622226154,2.145626785274942,-0.14019894305886993
-0.04478082622226154,2.145626785274942,-0.14019894305886993
-0.04478082622226154,2.145626785274942,-0.14019894305886993
-0.04478082622226154,2.145626785274942,-0.14019894305886993
0.11220300505528868,-3.844437706900294,-0.11523620836508996
0.11220300505528868,-3.844437706900294,-0.11523620836508996
0.11220300505528868,-3.844437706900294,-0.11523620836508996
0.11220300505528868,-3.844437706900294,-0.11523620836508996
0.11220300505528868,-3.844437706900294,-0.11523620836508996
0.20320977776095006,1.6903239357898272,-0.5122484635900619
0.20320977776095006,1.6903239357898272,-0.5122484635900619
0.20320977776095006,1.6903239357898272,-0.5122484635900619
0.20320977776095006,1.6903239357898272,-0.5122484635900619
0.20320977776095006,1.6903239357898272,-0.5122484635900619
0.1281973858994938,-0.9827119052280722,-0.17580666611608464
0.1281973858994938,-0.9827119052280722,-0.17580666611608464
0.1281973858994938,-0.9827119052280722,-0.17580666611608464
0.1281973858994938,-0.9827119052280722,-0.17580666611608464
0.1281973858994938,-0.9827119052280722,-0.17580666611608464
-0.0035173295932082738,3.5,-0.5993184400933735
-0.0035173295932082738,3.5,-0.5993184400933735
-0.0035173295932082738,3.5,-0.5993184400933735
-0.0035173295932082738,3.5,-0.5993184400933735
-0.0035173295932082738,3.5,-0.5993184400933735
-0.26598984392748193,-0.6038836424623995,-0.4346957180598672
-0.26598984392748193,-0.6038836424623995,-0.4346957180598672
-0.26598984392748193,-0.6038836424623995,-0.4346957180598672
-0.26598984392748193,-0.6038836424623995,-0.4346957180598672
-0.26598984392748193,-0.6038836424623995,-0.4346957180598672
-0.17622909011329568,0.05149269462643957,0.011419095227569898
-0.17622909011329568,0.05149269462643957,0.011419095227569898
-0.17622909011329568,0.05149269462643957,0.011419095227569898
-0.17622909011329568,0.05149269462643957,0.011419095227569898
-0.17622909011329568,0.05149269462643957,0.011419095227569898
-0.20837306815376877,-2.163976409301256,-0.20627633454847683
-0.20837306815376877,-2.163976409301256,-0.20627633454847683
-0.20837306815376877,-2.163976409301256,-0.20627633454847683
-0.20837306815376877,-2.163976409301256,-0.20627633454847683
-0.20837306815376877,-2.163976409301256,-0.20627633454847683
0.21102144594761185,3.5,0.3614247202398744
0.21102144594761185,3.5,0.3614247202398744
0.21102144594761185,3.5,0.3614247202398744
0.21102144594761185,3.5,0.3614247202398744
0.21102144594761185,3.5,0.3614247202398744
-0.04689672388129296,-1.6633817893690335,-0.2913938325382972
-0.04689672388129296,-1.6633817893690335,-0.2913938325382972
-0.04689672388129296,-1.6633817893690335,-0.2913938325382972
-0.04689672388129296,-1.6633817893690335,-0.2913938325382972
-0.04689672388129296,-1.6633817893690335,-0.2913938325382972
-0.08719647453701285,0.4696017990211132,0.11623584462082448
-0.08719647453701285,0.4696017990211132,0.11623584462082448
-0.08719647453701285,0.4696017990211132,0.11623584462082448
-0.08719647453701285,0.4696017990211132,0.11623584462082448
-0.08719647453701285,0.4696017990211132,0.11623584462082448
0.290879105762869,1.3325930825607273,-0.3325929999642412
0.290879105762869,1.3325930825607273,-0.3325929999642412
0.290879105762869,1.3325930825607273,-0.3325929999642412
0.290879105762869,1.3325930825607273,-0.3325929999642412
0.290879105762869,1.3325930825607273,-0.3325929999642412
-0.17307055518560333,-1.355165765553778,-0.1574037085842761
-0.17307055518560333,-1.355165765553778,-0.1574037085842761
-0.17307055518560333,-1.355165765553778,-0.1574037085842761
-0.17307055518560333,-1.355165765553778,-0.1574037085842761
-0.17307055518560333,-1.355165765553778,-0.1574037085842761
-0.41167011047509305,0.49133105364818874,-0.11934005636621592
-0.41167011047509305,0.49133105364818874,-0.11934005636621592
-0.41167011047509305,0.49133105364818874,-0.11934005636621592
-0.41167011047509305,0.49133105364818874,-0.11934005636621592
-0.41167011047509305,0.49133105364818874,-0.11934005636621592
0.23254775881624568,-0.7042914091738055,0.10804197556180029
0.23254775881624568,-0.7042914091738055,0.10804197556180029
0.23254775881624568,-0.7042914091738055,0.10804197556180029
0.23254775881624568,-0.7042914091738055,0.10804197556180029
0.23254775881624568,-0.7042914091738055,0.10804197556180029
0.016423344718482724,-0.8325392030002519,0.1441297960614456
0.016423344718482724,-0.8325392030002519,0.1441297960614456
0.016423344718482724,-0.8325392030002519,0.1441297960614456
0.016423344718482724,-0.8325392030002519,0.1441297960614456
0.016423344718482724,-0.8325392030002519,0.1441297960614456
0.14182708778801612,2.5221911815772486,0.01528268086213913
0.14182708778801612,2.5221911815772486,0.01528268086213913
0.14182708778801612,2.5221911815772486,0.01528268086213913
0.14182708778801612,2.5221911815772486,0.01528268086213913
0.14182708778801612,2.5221911815772486,0.01528268086213913
0.37808783005167257,-0.3676460280712348,0.2592244600441944
0.37808783005167257,-0.3676460280712348,0.2592244600441944
0.37808783005167257,-0.3676460280712348,0.2592244600441944
0.37808783005167257,-0.3676460280712348,0.2592244600441944
0.37808783005167257,-0.3676460280712348,0.2592244600441944
0.02367125260037284,-3.2535954045400644,0.12616816743337012
0.02367125260037284,-3.2535954045400644,0.12616816743337012
0.02367125260037284,-3.2535954045400644,0.12616816743337012
0.02367125260037284,-3.2535954045400644,0.12616816743337012
0.02367125260037284,-3.2535954045400644,0.12616816743337012
0.1764949707939536,2.3524924065475545,0.2204786787593882
0.1764949707939536,2.3524924065475545,0.2204786787593882
0.1764949707939536,2.3524924065475545,0.2204786787593882
0.1764949707939536,2.3524924065475545,0.2204786787593882
0.1764949707939536,2.3524924065475545,0.2204786787593882
0.18799433152353373,-2.406373921259913,0.2269432812593557
0.18799433152353373,-2.406373921259913,0.2269432812593557
0.18799433152353373,-2.406373921259913,0.2269432812593557
0.18799433152353373,-2.406373921259913,0.2269432812593557
0.18799433152353373,-2.406373921259913,0.2269432812593557
-6.405766474427681,1.1780151897719335,0.03089839847971021
-6.405766474427681,1.1780151897719335,0.03089839847971021
-6.405766474427681,1.1780151897719335,0.03089839847971021
-6.405766474427681,1.1780151897719335,0.03089839847971021
-6.405766474427681,1.1780151897719335,0.03089839847971021
-2.1414833591238214,-1.5383041002949724,-0.019348896034301788
-2.1414833591238214,-1.5383041002949724,-0.019348896034301788
-2.1414833591238214,-1.5383041002949724,-0.019348896034301788
-2.1414833591238214,-1.5383041002949724,-0.019348896034301788
-2.1414833591238214,-1.5383041002949724,-0.019348896034301788
-0.875099837970744,-1.3941323755715231,0.311160807698144
-0.875099837970744,-1.3941323755715231,0.311160807698144
-0.875099837970744,-1.3941323755715231,0.311160807698144
-0.875099837970744,-1.3941323755715231,0.311160807698144
-0.875099837970744,-1.3941323755715231,0.311160807698144
0.1807973335293589,-2.0946937334228863,-0.05264402614228203
0.1807973335293589,-2.0946937334228863,-0.05264402614228203
0.1807973335293589,-2.0946937334228863,-0.05264402614228203
0.1807973335293589,-2.0946937334228863,-0.05264402614228203
0.1807973335293589,-2.0946937334228863,-0.05264402614228203
-0.010498179165811194,0.057957570608898834,-0.054585208398528096
-0.010498179165811194,0.057957570608898834,-0.054585208398528096
-0.010498179165811194,0.057957570608898834,-0.054585208398528096
-0.010498179165811194,0.057957570608898834,-0.054585208398528096
-0.010498179165811194,0.057957570608898834,-0.054585208398528096
-0.01246091690883766,1.2480116681243523,0.1408509510051914
-0.01246091690883766,1.2480116681243523,0.1408509510051914
-0.01246091690883766,1.2480116681243523,0.1408509510051914
-0.01246091690883766,1.2480116681243523,0.1408509510051914
-0.01246091690883766,1.2480116681243523,0.1408509510051914
-0.6058424968631204,-3.691265765584557,0.19313282612441185
-0.6058424968631204,-3.691265765584557,0.19313282612441185
-0.6058424968631204,-3.691265765584557,0.19313282612441185
-0.6058424968631204,-3.691265765584557,0.19313282612441185
-0.6058424968631204,-3.691265765584557,0.19313282612441185
0.06120127695096578,3.5,-0.039131370717772285
0.06120127695096578,3.5,-0.039131370717772285
0.06120127695096578,3.5,-0.039131370717772285
0.06120127695096578,3.5,-0.039131370717772285
0.06120127695096578,3.5,-0.039131370717772285
0.09402223847821212,1.8999271910084872,-0.11230059887728316
0.09402223847821212,1.8999271910084872,-0.11230059887728316
0.09402223847821212,1.8999271910084872,-0.11230059887728316
0.09402223847821212,1.8999271910084872,-0.11230059887728316
0.09402223847821212,1.8999271910084872,-0.11230059887728316
-0.24189913539921548,-4.018735065198161,-0.17921882235722109
-0.24189913539921548,-4.018735065198161,-0.17921882235722109
-0.24189913539921548,-4.018735065198161,-0.17921882235722109
-0.24189913539921548,-4.018735065198161,-0.17921882235722109
-0.24189913539921548,-4.018735065198161,-0.17921882235722109
-0.022034231362267676,0.11437176660417947,0.14455954306357555
-0.022034231362267676,0.11437176660417947,0.14455954306357555
-0.022034231362267676,0.11437176660417947,0.14455954306357555
-0.022034231362267676,0.11437176660417947,0.14455954306357555
-0.022034231362267676,0.11437176660417947,0.14455954306357555
0.16027644315636635,0.11613574036678997,-0.1806675659336996
0.16027644315636635,0.11613574036678997,-0.1806675659336996
0.16027644315636635,0.11613574036678997,-0.1806675659336996
0.16027644315636635,0.11613574036678997,-0.1806675659336996
0.16027644315636635,0.11613574036678997,-0.1806675659336996
0.02595391982740125,-2.0619608684445936,0.014216754150492505
0.02595391982740125,-2.0619608684445936,0.014216754150492505
0.02595391982740125,-2.0619608684445936,0.014216754150492505
0.02595391982740125,-2.0619608684445936,0.014216754150492505
0.02595391982740125,-2.0619608684445936,0.014216754150492505
-0.26594227739023957,2.2686682551178343,-0.1788226179458725
-0.26594227739023957,2.2686682551178343,-0.1788226179458725
-0.26594227739023957,2.2686682551178343,-0.1788226179458725
-0.26594227739023957,2.2686682551178343,-0.1788226179458725
-0.26594227739023957,2.2686682551178343,-0.1788226179458725
-0.0006552347134558545,-0.47471030096853184,0.1432457892539567
-0.0006552347134558545,-0.47471030096853184,0.1432457892539567
-0.0006552347134558545,-0.47471030096853184,0.1432457892539567
-0.0006552347134558545,-0.47471030096853184,0.1432457892539567
-0.0006552347134558545,-0.47471030096853184,0.1432457892539567
0.024710745922790878,-2.175894541465251,0.23047085024227343
0.024710745922790878,-2.175894541465251,0.23047085024227343
0.024710745922790878,-2.175894541465251,0.23047085024227343
0.024710745922790878,-2.175894541465251,0.23047085024227343
0.024710745922790878,-2.175894541465251,0.23047085024227343
-0.5465777174815241,3.5,0.1957199548880908
-0.5465777174815241,3.5,0.1957199548880908
-0.5465777174815241,3.5,0.1957199548880908
-0.5465777174815241,3.5,0.1957199548880908
-0.5465777174815241,3.5,0.1957199548880908
-0.3205197466249299,-2.284036456060047,0.41667818581505855
-0.3205197466249299,-2.284036456060047,0.41667818581505855
-0.3205197466249299,-2.284036456060047,0.41667818581505855
-0.3205197466249299,-2.284036456060047,0.41667818581505855
-0.3205197466249299,-2.284036456060047,0.41667818581505855
-0.10869454680643287,0.9346595125005592,0.4145928757231516
-0.10869454680643287,0.9346595125005592,0.4145928757231516
-0.10869454680643287,0.9346595125005592,0.4145928757231516
-0.10869454680643287,0.9346595125005592,0.4145928757231516
-0.10869454680643287,0.9346595125005592,0.4145928757231516
-0.26052953501689835,0.5151495857928303,-0.11322242375059943
-0.26052953501689835,0.5151495857928303,-0.11322242375059943
-0.26052953501689835,0.5151495857928303,-0.11322242375059943
-0.26052953501689835,0.5151495857928303,-0.11322242375059943
-0.26052953501689835,0.5151495857928303,-0.11322242375059943
-0.16225489330768106,-3.127547131045823,-0.2031644823202825
-0.16225489330768106,-3.127547131045823,-0.2031644823202825
-0.16225489330768106,-3.127547131045823,-0.2031644823202825
-0.16225489330768106,-3.127547131045823,-0.2031644823202825
-0.16225489330768106,-3.127547131045823,-0.2031644823202825
-0.16207084376102543,3.5,-0.07057823705445188
-0.16207084376102543,3.5,-0.07057823705445188
-0.16207084376102543,3.5,-0.07057823705445188
-0.16207084376102543,3.5,-0.07057823705445188
-0.16207084376102543,3.5,-0.07057823705445188
0.10177865521920815,1.7543770325214396,-0.2528628487276485
0.10177865521920815,1.7543770325214396,-0.2528628487276485
0.10177865521920815,1.7543770325214396,-0.2528628487276485
0.10177865521920815,1.7543770325214396,-0.2528628487276485
0.10177865521920815,1.7543770325214396,-0.2528628487276485
0.0893497521133284,-1.351397873781405,-0.17575559925542095
0.0893497521133284,-1.351397873781405,-0.17575559925542095
0.0893497521133284,-1.351397873781405,-0.17575559925542095
0.0893497521133284,-1.351397873781405,-0.17575559925542095
0.0893497521133284,-1.351397873781405,-0.17575559925542095
-0.15688183697041147,2.7053243914126384,0.0007366906965309283
-0.15688183697041147,2.7053243914126384,0.0007366906965309283
-0.15688183697041147,2.7053243914126384,0.0007366906965309283
-0.15688183697041147,2.7053243914126384,0.0007366906965309283
-0.15688183697041147,2.7053243914126384,0.0007366906965309283
0.3284756935742177,-5.717339553451566,0.026227702779220152
0.3284756935742177,-5.717339553451566,0.026227702779220152
0.3284756935742177,-5.717339553451566,0.026227702779220152
0.3284756935742177,-5.717339553451566,0.026227702779220152
0.3284756935742177,-5.717339553451566,0.026227702779220152
-0.3297773382181717,3.5,-0.01969035525417695
-0.3297773382181717,3.5,-0.01969035525417695
-0.3297773382181717,3.5,-0.01969035525417695
-0.3297773382181717,3.5,-0.01969035525417695
-0.3297773382181717,3.5,-0.01969035525417695
-0.3742970101521763,3.3954141150292934,0.022108547175246684
-0.3742970101521763,3.3954141150292934,0.022108547175246684
-0.3742970101521763,3.3954141150292934,0.022108547175246684
-0.3742970101521763,3.3954141150292934,0.022108547175246684
-0.3742970101521763,3.3954141150292934,0.022108547175246684
-0.14789656146763974,-5.131446674267433,-0.37735949466389584
-0.14789656146763974,-5.131446674267433,-0.37735949466389584
-0.14789656146763974,-5.131446674267433,-0.37735949466389584
-0.14789656146763974,-5.131446674267433,-0.37735949466389584
-0.14789656146763974,-5.131446674267433,-0.37735949466389584
-0.10841094808731455,-1.6137753345686257,-0.12741960377081796
-0.10841094808731455,-1.6137753345686257,-0.12741960377081796
-0.10841094808731455,-1.6137753345686257,-0.12741960377081796
-0.10841094808731455,-1.6137753345686257,-0.12741960377081796
-0.10841094808731455,-1.6137753345686257,-0.12741960377081796
0.11830046648896264,-1.1032723556418453,-0.07229212809835417
0.11830046648896264,-1.1032723556418453,-0.07229212809835417
0.11830046648896264,-1.1032723556418453,-0.07229212809835417
0.11830046648896264,-1.1032723556418453,-0.07229212809835417
0.11830046648896264,-1.1032723556418453,-0.07229212809835417
-0.13289298472659716,0.9126859073585933,-0.3438387750485248
-0.13289298472659716,0.9126859073585933,-0.3438387750485248
-0.13289298472659716,0.9126859073585933,-0.3438387750485248
-0.13289298472659716,0.9126859073585933,-0.3438387750485248
-0.13289298472659716,0.9126859073585933,-0.3438387750485248
0.1996786337064833,-0.4301411779008433,0.07196887176455391
0.1996786337064833,-0.4301411779008433,0.07196887176455391
0.1996786337064833,-0.4301411779008433,0.07196887176455391
0.1996786337064833,-0.4301411779008433,0.07196887176455391
0.1996786337064833,-0.4301411779008433,0.07196887176455391
0.190072681034005,-0.04731510391578908,-0.43157890839273705
0.190072681034005,-0.04731510391578908,-0.43157890839273705
0.190072681034005,-0.04731510391578908,-0.43157890839273705
0.190072681034005,-0.04731510391578908,-0.43157890839273705
0.190072681034005,-0.04731510391578908,-0.43157890839273705
-0.07993939982049447,1.465298581990421,-0.14661191969432608
-0.07993939982049447,1.465298581990421,-0.14661191969432608
-0.07993939982049447,1.465298581990421,-0.14661191969432608
-0.07993939982049447,1.465298581990421,-0.14661191969432608
-0.07993939982049447,1.465298581990421,-0.14661191969432608
0.1807890971800905,-0.846999370982644,-0.22552950279610684
0.1807890971800905,-0.846999370982644,-0.22552950279610684
0.1807890971800905,-0.846999370982644,-0.22552950279610684
0.1807890971800905,-0.846999370982644,-0.22552950279610684
0.1807890971800905,-0.846999370982644,-0.22552950279610684
0.05675775665975813,0.944533432556689,-0.5027656485700014
0.05675775665975813,0.944533432556689,-0.5027656485700014
0.05675775665975813,0.944533432556689,-0.5027656485700014
0.05675775665975813,0.944533432556689,-0.5027656485700014
0.05675775665975813,0.944533432556689,-0.5027656485700014
0.043989765329675024,-3.142274286583703,-0.18952343954479645
0.043989765329675024,-3.142274286583703,-0.18952343954479645
0.043989765329675024,-3.142274286583703,-0.18952343954479645
0.043989765329675024,-3.142274286583703,-0.18952343954479645
0.043989765329675024,-3.142274286583703,-0.18952343954479645
0.11170354340822719,3.5,0.1281174699672576
0.11170354340822719,3.5,0.1281174699672576
0.11170354340822719,3.5,0.1281174699672576
0.11170354340822719,3.5,0.1281174699672576
0.11170354340822719,3.5,0.1281174699672576
0.09053886949805623,2.427800722186337,-0.34848888585516136
0.09053886949805623,2.427800722186337,-0.34848888585516136
0.09053886949805623,2.427800722186337,-0.34848888585516136
0.09053886949805623,2.427800722186337,-0.34848888585516136
0.09053886949805623,2.427800722186337,-0.34848888585516136
0.4350408519814888,-1.4635399369775612,0.12474906862505364
0.4350408519814888,-1.4635399369775612,0.12474906862505364
0.4350408519814888,-1.4635399369775612,0.12474906862505364
0.4350408519814888,-1.4635399369775612,0.12474906862505364
0.4350408519814888,-1.4635399369775612,0.12474906862505364
-0.15052934165602494,1.4531581869039734,0.22722543406900186
-0.15052934165602494,1.4531581869039734,0.22722543406900186
-0.15052934165602494,1.4531581869039734,0.22722543406900186
-0.15052934165602494,1.4531581869039734,0.22722543406900186
-0.15052934165602494,1.4531581869039734,0.22722543406900186
0.22799817940911815,-3.8165730943825302,0.4671750547060256
0.22799817940911815,-3.8165730943825302,0.4671750547060256
0.22799817940911815,-3.8165730943825302,0.4671750547060256
0.22799817940911815,-3.8165730943825302,0.4671750547060256
0.22799817940911815,-3.8165730943825302,0.4671750547060256
-0.1416264309632851,-0.7393576188649149,0.41574268576640705
-0.1416264309632851,-0.7393576188649149,0.41574268576640705
-0.1416264309632851,-0.7393576188649149,0.41574268576640705
-0.1416264309632851,-0.7393576188649149,0.41574268576640705
-0.1416264309632851,-0.7393576188649149,0.41574268576640705
-0.03275715828584147,1.3897347425504165,0.16657646779709623
-0.03275715828584147,1.3897347425504165,0.16657646779709623
-0.03275715828584147,1.3897347425504165,0.16657646779709623
-0.03275715828584147,1.3897347425504165,0.16657646779709623
-0.03275715828584147,1.3897347425504165,0.16657646779709623
-0.20849691844417606,1.268747353254355,-0.29113949227220104
-0.20849691844417606,1.268747353254355,-0.29113949227220104
-0.20849691844417606,1.268747353254355,-0.29113949227220104
-0.20849691844417606,1.268747353254355,-0.29113949227220104
-0.20849691844417606,1.268747353254355,-0.29113949227220104
-0.07467984242095405,-0.7317001102396503,0.015593331179381664
-0.07467984242095405,-0.7317001102396503,0.015593331179381664
-0.07467984242095405,-0.7317001102396503,0.015593331179381664
-0.07467984242095405,-0.7317001102396503,0.015593331179381664
-0.07467984242095405,-0.7317001102396503,0.015593331179381664
-0.23206777289783176,0.9302626070673874,0.11015971505385735
-0.23206777289783176,0.9302626070673874,0.11015971505385735
-0.23206777289783176,0.9302626070673874,0.11015971505385735
-0.23206777289783176,0.9302626070673874,0.11015971505385735
-0.23206777289783176,0.9302626070673874,0.11015971505385735
0.060383951658849355,-1.6646549156115178,0.023387985953334578
0.060383951658849355,-1.6646549156115178,0.023387985953334578
0.060383951658849355,-1.6646549156115178,0.023387985953334578
0.060383951658849355,-1.6646549156115178,0.023387985953334578
0.060383951658849355,-1.6646549156115178,0.023387985953334578
0.30032084455717545,-0.49724771393562506,0.18650200837047137
0.30032084455717545,-0.49724771393562506,0.18650200837047137
0.30032084455717545,-0.49724771393562506,0.18650200837047137
0.30032084455717545,-0.49724771393562506,0.18650200837047137
0.30032084455717545,-0.49724771393562506,0.18650200837047137
0.4080972701849124,-0.22953000366596754,0.47497625604437843
0.4080972701849124,-0.22953000366596754,0.47497625604437843
0.4080972701849124,-0.22953000366596754,0.47497625604437843
0.4080972701849124,-0.22953000366596754,0.47497625604437843
0.4080972701849124,-0.22953000366596754,0.47497625604437843
0.08912413556774013,0.2405329480971261,0.14100425647385606
0.08912413556774013,0.2405329480971261,0.14100425647385606
0.08912413556774013,0.2405329480971261,0.14100425647385606
0.08912413556774013,0.2405329480971261,0.14100425647385606
0.08912413556774013,0.2405329480971261,0.14100425647385606
0.07973360370664473,0.19128189355858183,0.04664926208727849
0.07973360370664473,0.19128189355858183,0.04664926208727849
0.07973360370664473,0.19128189355858183,0.04664926208727849
0.07973360370664473,0.19128189355858183,0.04664926208727849
0.07973360370664473,0.19128189355858183,0.04664926208727849
0.18573026100107803,1.5038092141177088,0.043999256238929974
0.18573026100107803,1.5038092141177088,0.043999256238929974
0.18573026100107803,1.5038092141177088,0.043999256238929974
0.18573026100107803,1.5038092141177088,0.043999256238929974
0.18573026100107803,1.5038092141177088,0.043999256238929974
-0.061813832643780486,-0.9505986589226225,0.2628197335393878
-0.061813832643780486,-0.9505986589226225,0.2628197335393878
-0.061813832643780486,-0.9505986589226225,0.2628197335393878
-0.061813832643780486,-0.9505986589226225,0.2628197335393878
-0.061813832643780486,-0.9505986589226225,0.2628197335393878
0.14042230140791823,1.3739397096246613,-0.13067491877661297
0.14042230140791823,1.3739397096246613,-0.13067491877661297
0.14042230140791823,1.3739397096246613,-0.13067491877661297
0.14042230140791823,1.3739397096246613,-0.13067491877661297
0.14042230140791823,1.3739397096246613,-0.13067491877661297
-0.2581594189632863,-2.833423702014919,-0.36414019343558834
-0.2581594189632863,-2.833423702014919,-0.36414019343558834
-0.2581594189632863,-2.833423702014919,-0.36414019343558834
-0.2581594189632863,-2.833423702014919,-0.36414019343558834
-0.2581594189632863,-2.833423702014919,-0.36414019343558834
-0.051765101029506155,3.5,-0.23686132854629705
-0.051765101029506155,3.5,-0.23686132854629705
-0.051765101029506155,3.5,-0.23686132854629705
-0.051765101029506155,3.5,-0.23686132854629705
-0.051765101029506155,3.5,-0.23686132854629705
0.13052825855112538,-4.462422898396426,0.04403830148985577
0.13052825855112538,-4.462422898396426,0.04403830148985577
0.13052825855112538,-4.462422898396426,0.04403830148985577
0.13052825855112538,-4.462422898396426,0.04403830148985577
0.13052825855112538,-4.462422898396426,0.04403830148985577
0.14249847233264923,3.5,0.4476858381368558
0.14249847233264923,3.5,0.4476858381368558
0.14249847233264923,3.5,0.4476858381368558
0.14249847233264923,3.5,0.4476858381368558
0.14249847233264923,3.5,0.4476858381368558
0.43977587499559867,-4.1665395731806925,0.3610735225571169
0.43977587499559867,-4.1665395731806925,0.3610735225571169
0.43977587499559867,-4.1665395731806925,0.3610735225571169
0.43977587499559867,-4.1665395731806925,0.3610735225571169
0.43977587499559867,-4.1665395731806925,0.3610735225571169
0.5486116225112756,1.0727344629089615,-0.19149351432626105
0.5486116225112756,1.0727344629089615,-0.19149351432626105
0.5486116225112756,1.0727344629089615,-0.19149351432626105
0.5486116225112756,1.0727344629089615,-0.19149351432626105
0.5486116225112756,1.0727344629089615,-0.19149351432626105
0.2573110585957483,-0.9599890841635279,0.11027281792744503
0.2573110585957483,-0.9599890841635279,0.11027281792744503
0.2573110585957483,-0.9599890841635279,0.11027281792744503
0.2573110585957483,-0.9599890841635279,0.11027281792744503
0.2573110585957483,-0.9599890841635279,0.11027281792744503
0.11220604976851511,-0.7361015214543336,-0.07664241958891438
0.11220604976851511,-0.7361015214543336,-0.07664241958891438
0.11220604976851511,-0.7361015214543336,-0.07664241958891438
0.11220604976851511,-0.7361015214543336,-0.07664241958891438
0.11220604976851511,-0.7361015214543336,-0.07664241958891438
-0.16547705711452743,3.5,-0.17307228674197717
-0.16547705711452743,3.5,-0.17307228674197717
-0.16547705711452743,3.5,-0.17307228674197717
-0.16547705711452743,3.5,-0.17307228674197717
-0.16547705711452743,3.5,-0.17307228674197717
-0.14692036068825587,-2.86917887398754,-0.008251136376273394
-0.14692036068825587,-2.86917887398754,-0.008251136376273394
-0.14692036068825587,-2.86917887398754,-0.008251136376273394
-0.14692036068825587,-2.86917887398754,-0.008251136376273394
-0.14692036068825587,-2.86917887398754,-0.008251136376273394
-0.21721122855965014,1.9556891980279687,0.208206841329158
-0.21721122855965014,1.9556891980279687,0.208206841329158
-0.21721122855965014,1.9556891980279687,0.208206841329158
-0.21721122855965014,1.9556891980279687,0.208206841329158
-0.21721122855965014,1.9556891980279687,0.208206841329158
0.08356366308930241,-4.427847840120464,-0.3392604176143479
0.08356366308930241,-4.427847840120464,-0.3392604176143479
0.08356366308930241,-4.427847840120464,-0.3392604176143479
0.08356366308930241,-4.427847840120464,-0.3392604176143479
0.08356366308930241,-4.427847840120464,-0.3392604176143479
-0.25865664172830094,3.5,-0.04109920928602051
-0.25865664172830094,3.5,-0.04109920928602051
-0.25865664172830094,3.5,-0.04109920928602051
-0.25865664172830094,3.5,-0.04109920928602051
-0.25865664172830094,3.5,-0.04109920928602051
-0.3159233082735753,-2.3784884442559964,-0.2760714024663393
-0.3159233082735753,-2.3784884442559964,-0.2760714024663393
-0.3159233082735753,-2.3784884442559964,-0.2760714024663393
-0.3159233082735753,-2.3784884442559964,-0.2760714024663393
-0.3159233082735753,-2.3784884442559964,-0.2760714024663393
0.24663732696025598,0.7795280504196,-0.3041505869565313
0.24663732696025598,0.7795280504196,-0.3041505869565313
0.24663732696025598,0.7795280504196,-0.3041505869565313
0.24663732696025598,0.7795280504196,-0.3041505869565313
0.24663732696025598,0.7795280504196,-0.3041505869565313
0.19685179472358527,0.5801446874112237,-0.14096319375811817
0.19685179472358527,0.5801446874112237,-0.14096319375811817
0.19685179472358527,0.5801446874112237,-0.14096319375811817
0.19685179472358527,0.5801446874112237,-0.14096319375811817
0.19685179472358527,0.5801446874112237,-0.14096319375811817
0.04508249596232616,-0.3296986293905313,-0.22848769966854476
0.04508249596232616,-0.3296986293905313,-0.22848769966854476
0.04508249596232616,-0.3296986293905313,-0.22848769966854476
0.04508249596232616,-0.3296986293905313,-0.22848769966854476
0.04508249596232616,-0.3296986293905313,-0.22848769966854476
0.07748639784979261,0.7137548752263498,-0.07197160456779628
0.07748639784979261,0.7137548752263498,-0.07197160456779628
0.07748639784979261,0.7137548752263498,-0.07197160456779628
0.07748639784979261,0.7137548752263498,-0.07197160456779628
0.07748639784979261,0.7137548752263498,-0.07197160456779628
0.2920849999434676,0.5287857619252279,-0.02218238318543797
0.2920849999434676,0.5287857619252279,-0.02218238318543797
0.2920849999434676,0.5287857619252279,-0.02218238318543797
0.2920849999434676,0.5287857619252279,-0.02218238318543797
0.2920849999434676,0.5287857619252279,-0.02218238318543797
-0.03888624812498698,-1.9387988695825165,-0.06294927101535919
-0.03888624812498698,-1.9387988695825165,-0.06294927101535919
-0.03888624812498698,-1.9387988695825165,-0.06294927101535919
-0.03888624812498698,-1.9387988695825165,-0.06294927101535919
-0.03888624812498698,-1.9387988695825165,-0.06294927101535919
0.019708670973145104,0.6151696308509536,-0.23381147725077156
0.019708670973145104,0.6151696308509536,-0.23381147725077156
0.019708670973145104,0.6151696308509536,-0.23381147725077156
0.019708670973145104,0.6151696308509536,-0.23381147725077156
0.019708670973145104,0.6151696308509536,-0.23381147725077156
-0.2578174886920994,-1.111897595921068,0.29262328218642253
-0.2578174886920994,-1.111897595921068,0.29262328218642253
-0.2578174886920994,-1.111897595921068,0.29262328218642253
-0.2578174886920994,-1.111897595921068,0.29262328218642253
-0.2578174886920994,-1.111897595921068,0.29262328218642253
0.12436987604690763,0.3207126927946824,0.07612196173539942
0.12436987604690763,0.3207126927946824,0.07612196173539942
0.12436987604690763,0.3207126927946824,0.07612196173539942
0.12436987604690763,0.3207126927946824,0.07612196173539942
0.12436987604690763,0.3207126927946824,0.07612196173539942
0.08965899844949377,-2.220180600233501,-0.010293081707022367
0.08965899844949377,-2.220180600233501,-0.010293081707022367
0.08965899844949377,-2.220180600233501,-0.010293081707022367
0.08965899844949377,-2.220180600233501,-0.010293081707022367
0.08965899844949377,-2.220180600233501,-0.010293081707022367
-0.06119358771281824,3.004808849234564,0.20272780193034023
-0.06119358771281824,3.004808849234564,0.20272780193034023
-0.06119358771281824,3.004808849234564,0.20272780193034023
-0.06119358771281824,3.004808849234564,0.20272780193034023
-0.06119358771281824,3.004808849234564,0.20272780193034023
0.050778148653067845,-5.27592998542449,0.14899004354003154
0.050778148653067845,-5.27592998542449,0.14899004354003154
0.050778148653067845,-5.27592998542449,0.14899004354003154
0.050778148653067845,-5.27592998542449,0.14899004354003154
0.050778148653067845,-5.27592998542449,0.14899004354003154
0.1772991723042523,3.5,-0.11295910044402291
0.1772991723042523,3.5,-0.11295910044402291
0.1772991723042523,3.5,-0.11295910044402291
0.1772991723042523,3.5,-0.11295910044402291
0.1772991723042523,3.5,-0.11295910044402291
0.09164043745702521,3.5,-0.17962573729118603
0.09164043745702521,3.5,-0.17962573729118603
0.09164043745702521,3.5,-0.17962573729118603
0.09164043745702521,3.5,-0.17962573729118603
0.09164043745702521,3.5,-0.17962573729118603
0.03951456785152274,-1.6457594631044827,0.19591908115007683
0.03951456785152274,-1.6457594631044827,0.19591908115007683
0.03951456785152274,-1.6457594631044827,0.19591908115007683
0.03951456785152274,-1.6457594631044827,0.19591908115007683
0.03951456785152274,-1.6457594631044827,0.19591908115007683
0.31912364362679213,0.45651610154771305,0.09508628072386927
0.31912364362679213,0.45651610154771305,0.09508628072386927
0.31912364362679213,0.45651610154771305,0.09508628072386927
0.31912364362679213,0.45651610154771305,0.09508628072386927
0.31912364362679213,0.45651610154771305,0.09508628072386927
0.20792091404662294,-2.274783781933497,0.15453922712918455
0.20792091404662294,-2.274783781933497,0.15453922712918455
0.20792091404662294,-2.274783781933497,0.15453922712918455
0.20792091404662294,-2.274783781933497,0.15453922712918455
0.20792091404662294,-2.274783781933497,0.15453922712918455
-0.06324276945087526,0.8344502141608743,0.04170281193041703
-0.06324276945087526,0.8344502141608743,0.04170281193041703
-0.06324276945087526,0.8344502141608743,0.04170281193041703
-0.06324276945087526,0.8344502141608743,0.04170281193041703
-0.06324276945087526,0.8344502141608743,0.04170281193041703
-0.04674563231881912,-3.0119548908473455,0.23670028582869307
-0.04674563231881912,-3.0119548908473455,0.23670028582869307
-0.04674563231881912,-3.0119548908473455,0.23670028582869307
-0.04674563231881912,-3.0119548908473455,0.23670028582869307
-0.04674563231881912,-3.0119548908473455,0.23670028582869307
-0.0046961238692784235,3.5,-0.04763138444233661
-0.0046961238692784235,3.5,-0.04763138444233661
-0.0046961238692784235,3.5,-0.04763138444233661
-0.0046961238692784235,3.5,-0.04763138444233661
-0.0046961238692784235,3.5,-0.04763138444233661
0.13288360345249117,0.8947447915791713,-0.019495035892731494
0.13288360345249117,0.8947447915791713,-0.019495035892731494
0.13288360345249117,0.8947447915791713,-0.019495035892731494
0.13288360345249117,0.8947447915791713,-0.019495035892731494
0.13288360345249117,0.8947447915791713,-0.019495035892731494
-0.1687232542523578,1.0937239920604505,0.18534762213103662
-0.1687232542523578,1.0937239920604505,0.18534762213103662
-0.1687232542523578,1.0937239920604505,0.18534762213103662
-0.1687232542523578,1.0937239920604505,0.18534762213103662
-0.1687232542523578,1.0937239920604505,0.18534762213103662
0.036651729570499114,-0.6966524740325291,-0.2555726734197741
0.036651729570499114,-0.6966524740325291,-0.2555726734197741
0.036651729570499114,-0.6966524740325291,-0.2555726734197741
0.036651729570499114,-0.6966524740325291,-0.2555726734197741
0.036651729570499114,-0.6966524740325291,-0.2555726734197741
-0.003434297430116473,-0.4094465946862549,-0.09130946175553944
-0.003434297430116473,-0.4094465946862549,-0.09130946175553944
-0.003434297430116473,-0.4094465946862549,-0.09130946175553944
-0.003434297430116473,-0.4094465946862549,-0.09130946175553944
-0.003434297430116473,-0.4094465946862549,-0.09130946175553944
-0.007812706528387281,-1.2590708840735125,0.01918764141663587
-0.007812706528387281,-1.2590708840735125,0.01918764141663587
-0.007812706528387281,-1.2590708840735125,0.01918764141663587
-0.007812706528387281,-1.2590708840735125,0.01918764141663587
-0.007812706528387281,-1.2590708840735125,0.01918764141663587
0.3667519149274554,-0.7969314025259031,0.22826756727134523
0.3667519149274554,-0.7969314025259031,0.22826756727134523
0.3667519149274554,-0.7969314025259031,0.22826756727134523
0.3667519149274554,-0.7969314025259031,0.22826756727134523
0.3667519149274554,-0.7969314025259031,0.22826756727134523
0.1057905641622181,2.7916669779899017,0.0318691658341379
0.1057905641622181,2.7916669779899017,0.0318691658341379
0.1057905641622181,2.7916669779899017,0.0318691658341379
0.1057905641622181,2.7916669779899017,0.0318691658341379
0.1057905641622181,2.7916669779899017,0.0318691658341379
0.20318905096698892,-4.795054446266125,0.11363997500819423
0.20318905096698892,-4.795054446266125,0.11363997500819423
0.20318905096698892,-4.795054446266125,0.11363997500819423
0.20318905096698892,-4.795054446266125,0.11363997500819423
0.20318905096698892,-4.795054446266125,0.11363997500819423
0.05367817302897926,3.5,-0.12653670622451685
0.05367817302897926,3.5,-0.12653670622451685
0.05367817302897926,3.5,-0.12653670622451685
0.05367817302897926,3.5,-0.12653670622451685
0.05367817302897926,3.5,-0.12653670622451685
0.3062141679405066,-6.56,-0.00248552393160395
0.3062141679405066,-6.56,-0.00248552393160395
0.3062141679405066,-6.56,-0.00248552393160395
0.3062141679405066,-6.56,-0.00248552393160395
0.3062141679405066,-6.56,-0.00248552393160395
0.12249119092013139,3.5,-0.16728255381222468
0.12249119092013139,3.5,-0.16728255381222468
0.12249119092013139,3.5,-0.16728255381222468
0.12249119092013139,3.5,-0.16728255381222468
0.12249119092013139,3.5,-0.16728255381222468
-0.15725397950101616,3.5,-0.14562735927425763
-0.15725397950101616,3.5,-0.14562735927425763
-0.15725397950101616,3.5,-0.14562735927425763
-0.15725397950101616,3.5,-0.14562735927425763
-0.15725397950101616,3.5,-0.14562735927425763
-0.023574047592004987,-4.500666809102995,-0.36688343643190535
-0.023574047592004987,-4.500666809102995,-0.36688343643190535
-0.023574047592004987,-4.500666809102995,-0.36688343643190535
-0.023574047592004987,-4.500666809102995,-0.36688343643190535
-0.023574047592004987,-4.500666809102995,-0.36688343643190535
0.10426745838122287,3.5,-0.0852541374676612
0.10426745838122287,3.5,-0.0852541374676612
0.10426745838122287,3.5,-0.0852541374676612
0.10426745838122287,3.5,-0.0852541374676612
0.10426745838122287,3.5,-0.0852541374676612
-0.030186656027657577,-4.030951967331955,-0.21082345020057502
-0.030186656027657577,-4.030951967331955,-0.21082345020057502
-0.030186656027657577,-4.030951967331955,-0.21082345020057502
-0.030186656027657577,-4.030951967331955,-0.21082345020057502
-0.030186656027657577,-4.030951967331955,-0.21082345020057502
-0.17787457533199813,0.38186185861911426,0.2962262877072668
-0.17787457533199813,0.38186185861911426,0.2962262877072668
-0.17787457533199813,0.38186185861911426,0.2962262877072668
-0.17787457533199813,0.38186185861911426,0.2962262877072668
-0.17787457533199813,0.38186185861911426,0.2962262877072668
-0.15922557880557697,-0.035161645504981465,0.3149500487796786
-0.15922557880557697,-0.035161645504981465,0.3149500487796786
-0.15922557880557697,-0.035161645504981465,0.3149500487796786
-0.15922557880557697,-0.035161645504981465,0.3149500487796786
-0.15922557880557697,-0.035161645504981465,0.3149500487796786
0.2529554336951989,2.068200957600734,-0.023967068604061836
0.2529554336951989,2.068200957600734,-0.023967068604061836
0.2529554336951989,2.068200957600734,-0.023967068604061836
0.2529554336951989,2.068200957600734,-0.023967068604061836
0.2529554336951989,2.068200957600734,-0.023967068604061836
0.19887168099493557,-2.7044069315040034,-0.08898205700305795
0.19887168099493557,-2.7044069315040034,-0.08898205700305795
0.19887168099493557,-2.7044069315040034,-0.08898205700305795
0.19887168099493557,-2.7044069315040034,-0.08898205700305795
0.19887168099493557,-2.7044069315040034,-0.08898205700305795
0.15540752078157283,-1.156164170900709,0.020624184493801323
0.15540752078157283,-1.156164170900709,0.020624184493801323
0.15540752078157283,-1.156164170900709,0.020624184493801323
0.15540752078157283,-1.156164170900709,0.020624184493801323
0.15540752078157283,-1.156164170900709,0.020624184493801323
0.5095081320154442,0.38698651854401334,0.01922674503689592
0.5095081320154442,0.38698651854401334,0.01922674503689592
0.5095081320154442,0.38698651854401334,0.01922674503689592
0.5095081320154442,0.38698651854401334,0.01922674503689592
0.5095081320154442,0.38698651854401334,0.01922674503689592
-0.041252766505643024,-2.595650970014109,-0.3309321161990084
-0.041252766505643024,-2.595650970014109,-0.3309321161990084
-0.041252766505643024,-2.595650970014109,-0.3309321161990084
-0.041252766505643024,-2.595650970014109,-0.3309321161990084
-0.041252766505643024,-2.595650970014109,-0.3309321161990084
0.12529090698337875,3.5,-0.4834332467239548
0.12529090698337875,3.5,-0.4834332467239548
0.12529090698337875,3.5,-0.4834332467239548
0.12529090698337875,3.5,-0.4834332467239548
0.12529090698337875,3.5,-0.4834332467239548
0.0374928512729511,-3.2894377365633822,-0.0017554200661962227
0.0374928512729511,-3.2894377365633822,-0.0017554200661962227
0.0374928512729511,-3.2894377365633822,-0.0017554200661962227
0.0374928512729511,-3.2894377365633822,-0.0017554200661962227
0.0374928512729511,-3.2894377365633822,-0.0017554200661962227
-0.17547696906991028,1.6006889724428675,-0.2772950839495074
-0.17547696906991028,1.6006889724428675,-0.2772950839495074
-0.17547696906991028,1.6006889724428675,-0.2772950839495074
-0.17547696906991028,1.6006889724428675,-0.2772950839495074
-0.17547696906991028,1.6006889724428675,-0.2772950839495074
-0.04105060159184326,-1.9516729284178034,-0.12896262938321001
-0.04105060159184326,-1.9516729284178034,-0.12896262938321001
-0.04105060159184326,-1.9516729284178034,-0.12896262938321001
-0.04105060159184326,-1.9516729284178034,-0.12896262938321001
-0.04105060159184326,-1.9516729284178034,-0.12896262938321001
-0.40356847413741903,2.072161238459657,0.1546701236580006
-0.40356847413741903,2.072161238459657,0.1546701236580006
-0.40356847413741903,2.072161238459657,0.1546701236580006
-0.40356847413741903,2.072161238459657,0.1546701236580006
-0.40356847413741903,2.072161238459657,0.1546701236580006
0.43448574130638384,-1.4557611829197157,0.008803176750816988
0.43448574130638384,-1.4557611829197157,0.008803176750816988
0.43448574130638384,-1.4557611829197157,0.008803176750816988
0.43448574130638384,-1.4557611829197157,0.008803176750816988
0.43448574130638384,-1.4557611829197157,0.008803176750816988
0.010613676381444392,-1.2030402555634403,0.092114684119597
0.010613676381444392,-1.2030402555634403,0.092114684119597
0.010613676381444392,-1.2030402555634403,0.092114684119597
0.010613676381444392,-1.2030402555634403,0.092114684119597
0.010613676381444392,-1.2030402555634403,0.092114684119597
-0.018603650616782375,3.5,0.1777038207773849
-0.018603650616782375,3.5,0.1777038207773849
-0.018603650616782375,3.5,0.1777038207773849
-0.018603650616782375,3.5,0.1777038207773849
-0.018603650616782375,3.5,0.1777038207773849
0.021077620621287707,-0.6353622584726217,0.21628769496523859
0.021077620621287707,-0.6353622584726217,0.21628769496523859
0.021077620621287707,-0.6353622584726217,0.21628769496523859
0.021077620621287707,-0.6353622584726217,0.21628769496523859
0.021077620621287707,-0.6353622584726217,0.21628769496523859
-0.05121471228140173,-1.012366878292628,-0.09513039361484488
-0.05121471228140173,-1.012366878292628,-0.09513039361484488
-0.05121471228140173,-1.012366878292628,-0.09513039361484488
-0.05121471228140173,-1.012366878292628,-0.09513039361484488
-0.05121471228140173,-1.012366878292628,-0.09513039361484488
0.05012805302069623,-0.02988972801530565,0.12819282556197464
0.05012805302069623,-0.02988972801530565,0.12819282556197464
0.05012805302069623,-0.02988972801530565,0.12819282556197464
0.05012805302069623,-0.02988972801530565,0.12819282556197464
0.05012805302069623,-0.02988972801530565,0.12819282556197464
0.011521232342662557,-1.5008548811241695,0.07275647544790331
0.011521232342662557,-1.5008548811241695,0.07275647544790331
0.011521232342662557,-1.5008548811241695,0.07275647544790331
0.011521232342662557,-1.5008548811241695,0.07275647544790331
0.011521232342662557,-1.5008548811241695,0.07275647544790331
-0.08436214544581766,3.130225397466724,0.04023090236757909
-0.08436214544581766,3.130225397466724,0.04023090236757909
-0.08436214544581766,3.130225397466724,0.04023090236757909
-0.08436214544581766,3.130225397466724,0.04023090236757909
-0.08436214544581766,3.130225397466724,0.04023090236757909
-0.2526729871050257,-2.631209067676288,0.28236922894254946
-0.2526729871050257,-2.631209067676288,0.28236922894254946
-0.2526729871050257,-2.631209067676288,0.28236922894254946
-0.2526729871050257,-2.631209067676288,0.28236922894254946
-0.2526729871050257,-2.631209067676288,0.28236922894254946
-0.20316885826497177,-0.4503561581441886,0.0809783286077348
-0.20316885826497177,-0.4503561581441886,0.0809783286077348
-0.20316885826497177,-0.4503561581441886,0.0809783286077348
-0.20316885826497177,-0.4503561581441886,0.0809783286077348
-0.20316885826497177,-0.4503561581441886,0.0809783286077348
-0.18685859377868042,0.22875452023520992,-0.07794804402368527
-0.18685859377868042,0.22875452023520992,-0.07794804402368527
-0.18685859377868042,0.22875452023520992,-0.07794804402368527
-0.18685859377868042,0.22875452023520992,-0.07794804402368527
-0.18685859377868042,0.22875452023520992,-0.07794804402368527
0.10584784597689456,-0.07586546969731955,-0.09243228983595131
0.10584784597689456,-0.07586546969731955,-0.09243228983595131
0.10584784597689456,-0.07586546969731955,-0.09243228983595131
0.10584784597689456,-0.07586546969731955,-0.09243228983595131
0.10584784597689456,-0.07586546969731955,-0.09243228983595131
0.08336458658014578,0.07822947418925352,-0.14788467953565387
