c0.a,c1.a,i0.a
0.0,3.5,0.0
0.0,3.5,0.0
0.0,3.5,0.0
0.0,3.5,0.0
0.0,3.5,0.0
0.0,3.5,0.0
-0.0582483258687958,3.5,0.0444849015629778
-0.0582483258687958,3.5,0.0444849015629778
-0.0582483258687958,3.5,0.0444849015629778
-0.0582483258687958,3.5,0.0444849015629778
-0.0582483258687958,3.5,0.0444849015629778
-0.0582483258687958,3.5,0.0444849015629778
-0.01380600194602799,3.5,-0.08368751848451339
-0.01380600194602799,3.5,-0.08368751848451339
-0.01380600194602799,3.5,-0.08368751848451339
-0.01380600194602799,3.5,-0.08368751848451339
-0.01380600194602799,3.5,-0.08368751848451339
-0.01380600194602799,3.5,-0.08368751848451339
-0.0187272722356866,-1.6171726421573567,-0.044991314116145986
-0.0187272722356866,-1.6171726421573567,-0.044991314116145986
-0.0187272722356866,-1.6171726421573567,-0.044991314116145986
-0.0187272722356866,-1.6171726421573567,-0.044991314116145986
-0.0187272722356866,-1.6171726421573567,-0.044991314116145986
-0.0187272722356866,-1.6171726421573567,-0.044991314116145986
-0.03940475581026881,-6.56,-0.0199704084951442
-0.03940475581026881,-6.56,-0.0199704084951442
-0.03940475581026881,-6.56,-0.0199704084951442
-0.03940475581026881,-6.56,-0.0199704084951442
-0.03940475581026881,-6.56,-0.0199704084951442
-0.03940475581026881,-6.56,-0.0199704084951442
-0.1094366588132516,-5.976798281957294,-0.07927937732251067
-0.1094366588132516,-5.976798281957294,-0.07927937732251067
-0.1094366588132516,-5.976798281957294,-0.07927937732251067
-0.1094366588132516,-5.976798281957294,-0.07927937732251067
-0.1094366588132516,-5.976798281957294,-0.07927937732251067
-0.1094366588132516,-5.976798281957294,-0.07927937732251067
-0.04375915180722423,-1.5210880936089666,-0.05117016732541302
-0.04375915180722423,-1.5210880936089666,-0.05117016732541302
-0.04375915180722423,-1.5210880936089666,-0.05117016732541302
-0.04375915180722423,-1.5210880936089666,-0.05117016732541302
-0.04375915180722423,-1.5210880936089666,-0.05117016732541302
-0.04375915180722423,-1.5210880936089666,-0.05117016732541302
0.021579591406164056,-2.528704049244727,0.015749014928712057
0.021579591406164056,-2.528704049244727,0.015749014928712057
0.021579591406164056,-2.528704049244727,0.015749014928712057
0.021579591406164056,-2.528704049244727,0.015749014928712057
0.021579591406164056,-2.528704049244727,0.015749014928712057
0.021579591406164056,-2.528704049244727,0.015749014928712057
-0.011534289228684713,-0.6655040401879404,0.06491082807816184
-0.011534289228684713,-0.6655040401879404,0.06491082807816184
-0.011534289228684713,-0.6655040401879404,0.06491082807816184
-0.011534289228684713,-0.6655040401879404,0.06491082807816184
-0.011534289228684713,-0.6655040401879404,0.06491082807816184
-0.011534289228684713,-0.6655040401879404,0.06491082807816184
-0.0778116997462277,-0.80539344669684,0.10935478031290202
-0.0778116997462277,-0.80539344669684,0.10935478031290202
-0.0778116997462277,-0.80539344669684,0.10935478031290202
-0.0778116997462277,-0.80539344669684,0.10935478031290202
-0.0778116997462277,-0.80539344669684,0.10935478031290202
-0.0778116997462277,-0.80539344669684,0.10935478031290202
-0.04148287831290176,-0.9581558281014857,0.11713361248629894
-0.04148287831290176,-0.9581558281014857,0.11713361248629894
-0.04148287831290176,-0.9581558281014857,0.11713361248629894
-0.04148287831290176,-0.9581558281014857,0.11713361248629894
-0.04148287831290176,-0.9581558281014857,0.11713361248629894
-0.04148287831290176,-0.9581558281014857,0.11713361248629894
-0.050950382209018485,-0.7476361367863582,0.015993330673722994
-0.050950382209018485,-0.7476361367863582,0.015993330673722994
-0.050950382209018485,-0.7476361367863582,0.015993330673722994
-0.050950382209018485,-0.7476361367863582,0.015993330673722994
-0.050950382209018485,-0.7476361367863582,0.015993330673722994
-0.050950382209018485,-0.7476361367863582,0.015993330673722994
0.00965804762897271,-0.47073071941812117,-0.012406861440624084
0.00965804762897271,-0.47073071941812117,-0.012406861440624084
0.00965804762897271,-0.47073071941812117,-0.012406861440624084
0.00965804762897271,-0.47073071941812117,-0.012406861440624084
0.00965804762897271,-0.47073071941812117,-0.012406861440624084
0.00965804762897271,-0.47073071941812117,-0.012406861440624084
0.018293275235699014,0.7056509079239213,-0.0880984262391955
0.018293275235699014,0.7056509079239213,-0.0880984262391955
0.018293275235699014,0.7056509079239213,-0.0880984262391955
0.018293275235699014,0.7056509079239213,-0.0880984262391955
0.018293275235699014,0.7056509079239213,-0.0880984262391955
0.018293275235699014,0.7056509079239213,-0.0880984262391955
0.0143162378670052,-0.7841939474173572,-0.0263979527455227
0.0143162378670052,-0.7841939474173572,-0.0263979527455227
0.0143162378670052,-0.7841939474173572,-0.0263979527455227
0.0143162378670052,-0.7841939474173572,-0.0263979527455227
0.0143162378670052,-0.7841939474173572,-0.0263979527455227
0.0143162378670052,-0.7841939474173572,-0.0263979527455227
0.030430762002280787,0.5523110119268075,0.0032113051438535933
0.030430762002280787,0.5523110119268075,0.0032113051438535933
0.030430762002280787,0.5523110119268075,0.0032113051438535933
0.030430762002280787,0.5523110119268075,0.0032113051438535933
0.030430762002280787,0.5523110119268075,0.0032113051438535933
0.030430762002280787,0.5523110119268075,0.0032113051438535933
0.04048987809011173,-0.5073830647427435,0.026119411032141215
0.04048987809011173,-0.5073830647427435,0.026119411032141215
0.04048987809011173,-0.5073830647427435,0.026119411032141215
0.04048987809011173,-0.5073830647427435,0.026119411032141215
0.04048987809011173,-0.5073830647427435,0.026119411032141215
0.04048987809011173,-0.5073830647427435,0.026119411032141215
-0.009702549497927038,-0.20319894540369177,-0.05048788811410532
-0.009702549497927038,-0.20319894540369177,-0.05048788811410532
-0.009702549497927038,-0.20319894540369177,-0.05048788811410532
-0.009702549497927038,-0.20319894540369177,-0.05048788811410532
-0.009702549497927038,-0.20319894540369177,-0.05048788811410532
-0.009702549497927038,-0.20319894540369177,-0.05048788811410532
-0.07447949013585742,0.8416487140450464,-0.019263409070997994
-0.07447949013585742,0.8416487140450464,-0.019263409070997994
-0.07447949013585742,0.8416487140450464,-0.019263409070997994
-0.07447949013585742,0.8416487140450464,-0.019263409070997994
-0.07447949013585742,0.8416487140450464,-0.019263409070997994
-0.07447949013585742,0.8416487140450464,-0.019263409070997994
0.08340952775201593,-0.519415411082548,-0.03635876968419538
0.08340952775201593,-0.519415411082548,-0.03635876968419538
0.08340952775201593,-0.519415411082548,-0.03635876968419538
0.08340952775201593,-0.519415411082548,-0.03635876968419538
0.08340952775201593,-0.519415411082548,-0.03635876968419538
0.08340952775201593,-0.519415411082548,-0.03635876968419538
0.1558949662950635,0.449174558701003,0.10469450610559505
0.1558949662950635,0.449174558701003,0.10469450610559505
0.1558949662950635,0.449174558701003,0.10469450610559505
0.1558949662950635,0.449174558701003,0.10469450610559505
0.1558949662950635,0.449174558701003,0.10469450610559505
0.1558949662950635,0.449174558701003,0.10469450610559505
0.07248265788985542,-0.37722398918680966,0.05267160603592558
0.07248265788985542,-0.37722398918680966,0.05267160603592558
0.07248265788985542,-0.37722398918680966,0.05267160603592558
0.07248265788985542,-0.37722398918680966,0.05267160603592558
0.07248265788985542,-0.37722398918680966,0.05267160603592558
0.07248265788985542,-0.37722398918680966,0.05267160603592558
3.5,-0.3206176867260737,0.05233787982720628
3.5,-0.3206176867260737,0.05233787982720628
3.5,-0.3206176867260737,0.05233787982720628
3.5,-0.3206176867260737,0.05233787982720628
3.5,-0.3206176867260737,0.05233787982720628
3.5,-0.3206176867260737,0.05233787982720628
1.5794920525208234,1.1442435266234412,0.002883559700421756
1.5794920525208234,1.1442435266234412,0.002883559700421756
1.5794920525208234,1.1442435266234412,0.002883559700421756
1.5794920525208234,1.1442435266234412,0.002883559700421756
1.5794920525208234,1.1442435266234412,0.002883559700421756
1.5794920525208234,1.1442435266234412,0.002883559700421756
0.7762851096684944,1.77469681259711,0.05626729384287188
0.7762851096684944,1.77469681259711,0.05626729384287188
0.7762851096684944,1.77469681259711,0.05626729384287188
0.7762851096684944,1.77469681259711,0.05626729384287188
0.7762851096684944,1.77469681259711,0.05626729384287188
0.7762851096684944,1.77469681259711,0.05626729384287188
0.22614531055541498,0.9238730002602544,0.03516091819142986
0.22614531055541498,0.9238730002602544,0.03516091819142986
0.22614531055541498,0.9238730002602544,0.03516091819142986
0.22614531055541498,0.9238730002602544,0.03516091819142986
0.22614531055541498,0.9238730002602544,0.03516091819142986
0.22614531055541498,0.9238730002602544,0.03516091819142986
0.10504639428008034,0.6614145924479224,-0.05840895536034907
0.10504639428008034,0.6614145924479224,-0.05840895536034907
0.10504639428008034,0.6614145924479224,-0.05840895536034907
0.10504639428008034,0.6614145924479224,-0.05840895536034907
0.10504639428008034,0.6614145924479224,-0.05840895536034907
0.10504639428008034,0.6614145924479224,-0.05840895536034907
0.053686898370653324,0.156240765054946,-0.05517972995071929
0.053686898370653324,0.156240765054946,-0.05517972995071929
0.053686898370653324,0.156240765054946,-0.05517972995071929
0.053686898370653324,0.156240765054946,-0.05517972995071929
0.053686898370653324,0.156240765054946,-0.05517972995071929
0.053686898370653324,0.156240765054946,-0.05517972995071929
-0.08447774080568671,0.9443169695855325,-0.012773281255466173
-0.08447774080568671,0.9443169695855325,-0.012773281255466173
-0.08447774080568671,0.9443169695855325,-0.012773281255466173
-0.08447774080568671,0.9443169695855325,-0.012773281255466173
-0.08447774080568671,0.9443169695855325,-0.012773281255466173
-0.08447774080568671,0.9443169695855325,-0.012773281255466173
0.07307020154181743,0.559947059984399,0.02150702568761531
0.07307020154181743,0.559947059984399,0.02150702568761531
0.07307020154181743,0.559947059984399,0.02150702568761531
0.07307020154181743,0.559947059984399,0.02150702568761531
0.07307020154181743,0.559947059984399,0.02150702568761531
0.07307020154181743,0.559947059984399,0.02150702568761531
0.04545033228285611,-0.21468719873237418,0.050768916892870664
0.04545033228285611,-0.21468719873237418,0.050768916892870664
0.04545033228285611,-0.21468719873237418,0.050768916892870664
0.04545033228285611,-0.21468719873237418,0.050768916892870664
0.04545033228285611,-0.21468719873237418,0.050768916892870664
0.04545033228285611,-0.21468719873237418,0.050768916892870664
-0.05363176492137178,0.3955321398247449,0.02304154081049603
-0.05363176492137178,0.3955321398247449,0.02304154081049603
-0.05363176492137178,0.3955321398247449,0.02304154081049603
-0.05363176492137178,0.3955321398247449,0.02304154081049603
-0.05363176492137178,0.3955321398247449,0.02304154081049603
-0.05363176492137178,0.3955321398247449,0.02304154081049603
-0.022214036782321145,-0.7640487994944536,0.03713835608149907
-0.022214036782321145,-0.7640487994944536,0.03713835608149907
-0.022214036782321145,-0.7640487994944536,0.03713835608149907
-0.022214036782321145,-0.7640487994944536,0.03713835608149907
-0.022214036782321145,-0.7640487994944536,0.03713835608149907
-0.022214036782321145,-0.7640487994944536,0.03713835608149907
-0.03852573858507746,1.0233244589359174,0.006708426723559313
-0.03852573858507746,1.0233244589359174,0.006708426723559313
-0.03852573858507746,1.0233244589359174,0.006708426723559313
-0.03852573858507746,1.0233244589359174,0.006708426723559313
-0.03852573858507746,1.0233244589359174,0.006708426723559313
-0.03852573858507746,1.0233244589359174,0.006708426723559313
-0.009376643321299838,-1.011614695685612,-0.06956853506826377
-0.009376643321299838,-1.011614695685612,-0.06956853506826377
-0.009376643321299838,-1.011614695685612,-0.06956853506826377
-0.009376643321299838,-1.011614695685612,-0.06956853506826377
-0.009376643321299838,-1.011614695685612,-0.06956853506826377
-0.009376643321299838,-1.011614695685612,-0.06956853506826377
-0.08377182742042955,1.5607212084000537,0.06621046928055208
-0.08377182742042955,1.5607212084000537,0.06621046928055208
-0.08377182742042955,1.5607212084000537,0.06621046928055208
-0.08377182742042955,1.5607212084000537,0.06621046928055208
-0.08377182742042955,1.5607212084000537,0.06621046928055208
-0.08377182742042955,1.5607212084000537,0.06621046928055208
-0.10052633685180545,-0.7127010328617516,0.04819112145670701
-0.10052633685180545,-0.7127010328617516,0.04819112145670701
-0.10052633685180545,-0.7127010328617516,0.04819112145670701
-0.10052633685180545,-0.7127010328617516,0.04819112145670701
-0.10052633685180545,-0.7127010328617516,0.04819112145670701
-0.10052633685180545,-0.7127010328617516,0.04819112145670701
0.04449166952233341,-0.9229448424656468,-0.043682281990648164
0.04449166952233341,-0.9229448424656468,-0.043682281990648164
0.04449166952233341,-0.9229448424656468,-0.043682281990648164
0.04449166952233341,-0.9229448424656468,-0.043682281990648164
0.04449166952233341,-0.9229448424656468,-0.043682281990648164
0.04449166952233341,-0.9229448424656468,-0.043682281990648164
-0.03977749635269667,0.9303944225068044,-0.04141573237625096
-0.03977749635269667,0.9303944225068044,-0.04141573237625096
-0.03977749635269667,0.9303944225068044,-0.04141573237625096
-0.03977749635269667,0.9303944225068044,-0.04141573237625096
-0.03977749635269667,0.9303944225068044,-0.04141573237625096
-0.03977749635269667,0.9303944225068044,-0.04141573237625096
0.018630760073378383,-0.7426388267526853,0.04955429002068357
0.018630760073378383,-0.7426388267526853,0.04955429002068357
0.018630760073378383,-0.7426388267526853,0.04955429002068357
0.018630760073378383,-0.7426388267526853,0.04955429002068357
0.018630760073378383,-0.7426388267526853,0.04955429002068357
0.018630760073378383,-0.7426388267526853,0.04955429002068357
0.007214440501966735,0.8990593665936686,-0.04079659781466205
0.007214440501966735,0.8990593665936686,-0.04079659781466205
0.007214440501966735,0.8990593665936686,-0.04079659781466205
0.007214440501966735,0.8990593665936686,-0.04079659781466205
0.007214440501966735,0.8990593665936686,-0.04079659781466205
0.007214440501966735,0.8990593665936686,-0.04079659781466205
0.08705864776509209,-0.6456762106476575,0.028018813675846133
0.08705864776509209,-0.6456762106476575,0.028018813675846133
0.08705864776509209,-0.6456762106476575,0.028018813675846133
0.08705864776509209,-0.6456762106476575,0.028018813675846133
0.08705864776509209,-0.6456762106476575,0.028018813675846133
0.08705864776509209,-0.6456762106476575,0.028018813675846133
-0.05009968661619979,0.10716514478250616,-0.015821436932547783
-0.05009968661619979,0.10716514478250616,-0.015821436932547783
-0.05009968661619979,0.10716514478250616,-0.015821436932547783
-0.05009968661619979,0.10716514478250616,-0.015821436932547783
-0.05009968661619979,0.10716514478250616,-0.015821436932547783
-0.05009968661619979,0.10716514478250616,-0.015821436932547783
-0.060991677285910484,0.22625952856222753,-0.02391466195494374
-0.060991677285910484,0.22625952856222753,-0.02391466195494374
-0.060991677285910484,0.22625952856222753,-0.02391466195494374
-0.060991677285910484,0.22625952856222753,-0.02391466195494374
-0.060991677285910484,0.22625952856222753,-0.02391466195494374
-0.060991677285910484,0.22625952856222753,-0.02391466195494374
-0.05225352879200962,-0.30047733573301727,0.05847788025248235
-0.05225352879200962,-0.30047733573301727,0.05847788025248235
-0.05225352879200962,-0.30047733573301727,0.05847788025248235
-0.05225352879200962,-0.30047733573301727,0.05847788025248235
-0.05225352879200962,-0.30047733573301727,0.05847788025248235
-0.05225352879200962,-0.30047733573301727,0.05847788025248235
-0.12064088960470265,-0.07514941334103042,-0.024879247442974872
-0.12064088960470265,-0.07514941334103042,-0.024879247442974872
-0.12064088960470265,-0.07514941334103042,-0.024879247442974872
-0.12064088960470265,-0.07514941334103042,-0.024879247442974872
-0.12064088960470265,-0.07514941334103042,-0.024879247442974872
-0.12064088960470265,-0.07514941334103042,-0.024879247442974872
-0.016045625029475374,-0.23570694511845858,-0.031189754948240278
-0.016045625029475374,-0.23570694511845858,-0.031189754948240278
-0.016045625029475374,-0.23570694511845858,-0.031189754948240278
-0.016045625029475374,-0.23570694511845858,-0.031189754948240278
-0.016045625029475374,-0.23570694511845858,-0.031189754948240278
-0.016045625029475374,-0.23570694511845858,-0.031189754948240278
0.005555544601813622,0.13163746679266453,-0.05117698172526275
0.005555544601813622,0.13163746679266453,-0.05117698172526275
0.005555544601813622,0.13163746679266453,-0.05117698172526275
0.005555544601813622,0.13163746679266453,-0.05117698172526275
0.005555544601813622,0.13163746679266453,-0.05117698172526275
0.005555544601813622,0.13163746679266453,-0.05117698172526275
0.077118508926322,0.7340815117316595,-0.011499956702934355
0.077118508926322,0.7340815117316595,-0.011499956702934355
0.077118508926322,0.7340815117316595,-0.011499956702934355
0.077118508926322,0.7340815117316595,-0.011499956702934355
0.077118508926322,0.7340815117316595,-0.011499956702934355
0.077118508926322,0.7340815117316595,-0.011499956702934355
0.0025746839606490823,-1.220017229808814,-0.048672854094370166
0.0025746839606490823,-1.220017229808814,-0.048672854094370166
0.0025746839606490823,-1.220017229808814,-0.048672854094370166
0.0025746839606490823,-1.220017229808814,-0.048672854094370166
0.0025746839606490823,-1.220017229808814,-0.048672854094370166
0.0025746839606490823,-1.220017229808814,-0.048672854094370166
0.026089271923281032,1.1606618603865222,-0.030973653517516908
0.026089271923281032,1.1606618603865222,-0.030973653517516908
0.026089271923281032,1.1606618603865222,-0.030973653517516908
0.026089271923281032,1.1606618603865222,-0.030973653517516908
0.026089271923281032,1.1606618603865222,-0.030973653517516908
0.026089271923281032,1.1606618603865222,-0.030973653517516908
3.5,-0.7142796463394312,-0.016923498079496113
3.5,-0.7142796463394312,-0.016923498079496113
3.5,-0.7142796463394312,-0.016923498079496113
3.5,-0.7142796463394312,-0.016923498079496113
3.5,-0.7142796463394312,-0.016923498079496113
3.5,-0.7142796463394312,-0.016923498079496113
3.5,1.1628186784855572,-0.027550400637554873
3.5,1.1628186784855572,-0.027550400637554873
3.5,1.1628186784855572,-0.027550400637554873
3.5,1.1628186784855572,-0.027550400637554873
3.5,1.1628186784855572,-0.027550400637554873
3.5,1.1628186784855572,-0.027550400637554873
3.5,1.3227777015863253,0.007897111651281818
3.5,1.3227777015863253,0.007897111651281818
3.5,1.3227777015863253,0.007897111651281818
3.5,1.3227777015863253,0.007897111651281818
3.5,1.3227777015863253,0.007897111651281818
3.5,1.3227777015863253,0.007897111651281818
3.1564276526084605,3.1001420391636714,-0.030850776669002045
3.1564276526084605,3.1001420391636714,-0.030850776669002045
3.1564276526084605,3.1001420391636714,-0.030850776669002045
3.1564276526084605,3.1001420391636714,-0.030850776669002045
3.1564276526084605,3.1001420391636714,-0.030850776669002045
3.1564276526084605,3.1001420391636714,-0.030850776669002045
1.3378556992732484,3.083511502270845,0.012794659911421036
1.3378556992732484,3.083511502270845,0.012794659911421036
1.3378556992732484,3.083511502270845,0.012794659911421036
1.3378556992732484,3.083511502270845,0.012794659911421036
1.3378556992732484,3.083511502270845,0.012794659911421036
1.3378556992732484,3.083511502270845,0.012794659911421036
0.5201587678753974,2.488654619313941,0.055054499447237504
0.5201587678753974,2.488654619313941,0.055054499447237504
0.5201587678753974,2.488654619313941,0.055054499447237504
0.5201587678753974,2.488654619313941,0.055054499447237504
0.5201587678753974,2.488654619313941,0.055054499447237504
0.5201587678753974,2.488654619313941,0.055054499447237504
0.279117616604605,1.6263424555197048,0.06718031909222688
0.279117616604605,1.6263424555197048,0.06718031909222688
0.279117616604605,1.6263424555197048,0.06718031909222688
0.279117616604605,1.6263424555197048,0.06718031909222688
0.279117616604605,1.6263424555197048,0.06718031909222688
0.279117616604605,1.6263424555197048,0.06718031909222688
0.1511915991331385,1.2048061173506,0.08100554064283472
0.1511915991331385,1.2048061173506,0.08100554064283472
0.1511915991331385,1.2048061173506,0.08100554064283472
0.1511915991331385,1.2048061173506,0.08100554064283472
0.1511915991331385,1.2048061173506,0.08100554064283472
0.1511915991331385,1.2048061173506,0.08100554064283472
0.09357702260166434,0.6714569782218547,0.004858090778206758
0.09357702260166434,0.6714569782218547,0.004858090778206758
0.09357702260166434,0.6714569782218547,0.004858090778206758
0.09357702260166434,0.6714569782218547,0.004858090778206758
0.09357702260166434,0.6714569782218547,0.004858090778206758
0.09357702260166434,0.6714569782218547,0.004858090778206758
-0.00017217720511908396,1.125118512275236,-0.08480081248209004
-0.00017217720511908396,1.125118512275236,-0.08480081248209004
-0.00017217720511908396,1.125118512275236,-0.08480081248209004
-0.00017217720511908396,1.125118512275236,-0.08480081248209004
-0.00017217720511908396,1.125118512275236,-0.08480081248209004
-0.00017217720511908396,1.125118512275236,-0.08480081248209004
-0.05417189186742277,-0.06473277898574281,-0.01876140013818528
-0.05417189186742277,-0.06473277898574281,-0.01876140013818528
-0.05417189186742277,-0.06473277898574281,-0.01876140013818528
-0.05417189186742277,-0.06473277898574281,-0.01876140013818528
-0.05417189186742277,-0.06473277898574281,-0.01876140013818528
-0.05417189186742277,-0.06473277898574281,-0.01876140013818528
0.026286997972100323,0.15242282141560537,-0.01905990024009796
0.026286997972100323,0.15242282141560537,-0.01905990024009796
0.026286997972100323,0.15242282141560537,-0.01905990024009796
0.026286997972100323,0.15242282141560537,-0.01905990024009796
0.026286997972100323,0.15242282141560537,-0.01905990024009796
0.026286997972100323,0.15242282141560537,-0.01905990024009796
-0.04915955648406367,1.1768306563694395,-0.09197041926590543
-0.04915955648406367,1.1768306563694395,-0.09197041926590543
-0.04915955648406367,1.1768306563694395,-0.09197041926590543
-0.04915955648406367,1.1768306563694395,-0.09197041926590543
-0.04915955648406367,1.1768306563694395,-0.09197041926590543
-0.04915955648406367,1.1768306563694395,-0.09197041926590543
0.05250395651095019,-0.4472621745655303,-0.07289819892552885
0.05250395651095019,-0.4472621745655303,-0.07289819892552885
0.05250395651095019,-0.4472621745655303,-0.07289819892552885
0.05250395651095019,-0.4472621745655303,-0.07289819892552885
0.05250395651095019,-0.4472621745655303,-0.07289819892552885
0.05250395651095019,-0.4472621745655303,-0.07289819892552885
0.09790581819740751,-0.4198384989253441,-0.14645807232663444
0.09790581819740751,-0.4198384989253441,-0.14645807232663444
0.09790581819740751,-0.4198384989253441,-0.14645807232663444
0.09790581819740751,-0.4198384989253441,-0.14645807232663444
0.09790581819740751,-0.4198384989253441,-0.14645807232663444
0.09790581819740751,-0.4198384989253441,-0.14645807232663444
-0.022286818421047627,0.14474190171605272,-0.06287406738224277
-0.022286818421047627,0.14474190171605272,-0.06287406738224277
-0.022286818421047627,0.14474190171605272,-0.06287406738224277
-0.022286818421047627,0.14474190171605272,-0.06287406738224277
-0.022286818421047627,0.14474190171605272,-0.06287406738224277
-0.022286818421047627,0.14474190171605272,-0.06287406738224277
-0.029345560917882096,0.8859062791007233,-0.04337116288251863
-0.029345560917882096,0.8859062791007233,-0.04337116288251863
-0.029345560917882096,0.8859062791007233,-0.04337116288251863
-0.029345560917882096,0.8859062791007233,-0.04337116288251863
-0.029345560917882096,0.8859062791007233,-0.04337116288251863
-0.029345560917882096,0.8859062791007233,-0.04337116288251863
-0.019031187530366367,-1.2818959450324101,0.012029283523016687
-0.019031187530366367,-1.2818959450324101,0.012029283523016687
-0.019031187530366367,-1.2818959450324101,0.012029283523016687
-0.019031187530366367,-1.2818959450324101,0.012029283523016687
-0.019031187530366367,-1.2818959450324101,0.012029283523016687
-0.019031187530366367,-1.2818959450324101,0.012029283523016687
-0.0008191227870852913,1.0623095775911366,0.10777107269398911
-0.0008191227870852913,1.0623095775911366,0.10777107269398911
-0.0008191227870852913,1.0623095775911366,0.10777107269398911
-0.0008191227870852913,1.0623095775911366,0.10777107269398911
-0.0008191227870852913,1.0623095775911366,0.10777107269398911
-0.0008191227870852913,1.0623095775911366,0.10777107269398911
0.10023311069216945,-0.4423693724057358,0.05271730032874089
0.10023311069216945,-0.4423693724057358,0.05271730032874089
0.10023311069216945,-0.4423693724057358,0.05271730032874089
0.10023311069216945,-0.4423693724057358,0.05271730032874089
0.10023311069216945,-0.4423693724057358,0.05271730032874089
0.10023311069216945,-0.4423693724057358,0.05271730032874089
0.10176160822516422,0.2897444194272296,0.0013008991420484506
0.10176160822516422,0.2897444194272296,0.0013008991420484506
0.10176160822516422,0.2897444194272296,0.0013008991420484506
0.10176160822516422,0.2897444194272296,0.0013008991420484506
0.10176160822516422,0.2897444194272296,0.0013008991420484506
0.10176160822516422,0.2897444194272296,0.0013008991420484506
-0.03422122245524406,0.08799862378929646,-0.006378627425995376
-0.03422122245524406,0.08799862378929646,-0.006378627425995376
-0.03422122245524406,0.08799862378929646,-0.006378627425995376
-0.03422122245524406,0.08799862378929646,-0.006378627425995376
-0.03422122245524406,0.08799862378929646,-0.006378627425995376
-0.03422122245524406,0.08799862378929646,-0.006378627425995376
-0.02360836021706092,-1.1487447324394822,-0.030622266680573773
-0.02360836021706092,-1.1487447324394822,-0.030622266680573773
-0.02360836021706092,-1.1487447324394822,-0.030622266680573773
-0.02360836021706092,-1.1487447324394822,-0.030622266680573773
-0.02360836021706092,-1.1487447324394822,-0.030622266680573773
-0.02360836021706092,-1.1487447324394822,-0.030622266680573773
0.06398409516432224,0.6945577093833677,-0.020600769088929383
0.06398409516432224,0.6945577093833677,-0.020600769088929383
0.06398409516432224,0.6945577093833677,-0.020600769088929383
0.06398409516432224,0.6945577093833677,-0.020600769088929383
0.06398409516432224,0.6945577093833677,-0.020600769088929383
0.06398409516432224,0.6945577093833677,-0.020600769088929383
0.022784256984127893,1.254486907240775,0.054964907865947765
0.022784256984127893,1.254486907240775,0.054964907865947765
0.022784256984127893,1.254486907240775,0.054964907865947765
0.022784256984127893,1.254486907240775,0.054964907865947765
0.022784256984127893,1.254486907240775,0.054964907865947765
0.022784256984127893,1.254486907240775,0.054964907865947765
0.05964021208996684,-1.9130276416861705,0.0010682161511645916
0.05964021208996684,-1.9130276416861705,0.0010682161511645916
0.05964021208996684,-1.9130276416861705,0.0010682161511645916
0.05964021208996684,-1.9130276416861705,0.0010682161511645916
0.05964021208996684,-1.9130276416861705,0.0010682161511645916
0.05964021208996684,-1.9130276416861705,0.0010682161511645916
0.03794266947582514,1.752124334419129,-0.021769084155234708
0.03794266947582514,1.752124334419129,-0.021769084155234708
0.03794266947582514,1.752124334419129,-0.021769084155234708
0.03794266947582514,1.752124334419129,-0.021769084155234708
0.03794266947582514,1.752124334419129,-0.021769084155234708
0.03794266947582514,1.752124334419129,-0.021769084155234708
-0.01238757018773029,-0.7004737293011587,0.042827175094412695
-0.01238757018773029,-0.7004737293011587,0.042827175094412695
-0.01238757018773029,-0.7004737293011587,0.042827175094412695
-0.01238757018773029,-0.7004737293011587,0.042827175094412695
-0.01238757018773029,-0.7004737293011587,0.042827175094412695
-0.01238757018773029,-0.7004737293011587,0.042827175094412695
0.06356922931504627,-0.09124856649255264,0.0011652798535415343
0.06356922931504627,-0.09124856649255264,0.0011652798535415343
0.06356922931504627,-0.09124856649255264,0.0011652798535415343
0.06356922931504627,-0.09124856649255264,0.0011652798535415343
0.06356922931504627,-0.09124856649255264,0.0011652798535415343
0.06356922931504627,-0.09124856649255264,0.0011652798535415343
0.015342225646399754,-0.40595784739247165,0.07452369425479688
0.015342225646399754,-0.40595784739247165,0.07452369425479688
0.015342225646399754,-0.40595784739247165,0.07452369425479688
0.015342225646399754,-0.40595784739247165,0.07452369425479688
0.015342225646399754,-0.40595784739247165,0.07452369425479688
0.015342225646399754,-0.40595784739247165,0.07452369425479688
-0.04238606804350553,0.032664042122831916,0.01948491118706741
-0.04238606804350553,0.032664042122831916,0.01948491118706741
-0.04238606804350553,0.032664042122831916,0.01948491118706741
-0.04238606804350553,0.032664042122831916,0.01948491118706741
-0.04238606804350553,0.032664042122831916,0.01948491118706741
-0.04238606804350553,0.032664042122831916,0.01948491118706741
-0.057878952745820555,1.012556362484652,0.06228208855064565
-0.057878952745820555,1.012556362484652,0.06228208855064565
-0.057878952745820555,1.012556362484652,0.06228208855064565
-0.057878952745820555,1.012556362484652,0.06228208855064565
-0.057878952745820555,1.012556362484652,0.06228208855064565
-0.057878952745820555,1.012556362484652,0.06228208855064565
0.045040068653758425,-1.1658028440404138,-0.07100884596577117
0.045040068653758425,-1.1658028440404138,-0.07100884596577117
0.045040068653758425,-1.1658028440404138,-0.07100884596577117
0.045040068653758425,-1.1658028440404138,-0.07100884596577117
0.045040068653758425,-1.1658028440404138,-0.07100884596577117
0.045040068653758425,-1.1658028440404138,-0.07100884596577117
-0.011697815179857685,1.5491892682366597,-0.018294248325716467
-0.011697815179857685,1.5491892682366597,-0.018294248325716467
-0.011697815179857685,1.5491892682366597,-0.018294248325716467
-0.011697815179857685,1.5491892682366597,-0.018294248325716467
-0.011697815179857685,1.5491892682366597,-0.018294248325716467
-0.011697815179857685,1.5491892682366597,-0.018294248325716467
-0.05835876695345732,-0.29481156555297616,0.06744615999736325
-0.05835876695345732,-0.29481156555297616,0.06744615999736325
-0.05835876695345732,-0.29481156555297616,0.06744615999736325
-0.05835876695345732,-0.29481156555297616,0.06744615999736325
-0.05835876695345732,-0.29481156555297616,0.06744615999736325
-0.05835876695345732,-0.29481156555297616,0.06744615999736325
0.003747241884500596,0.747122242597186,0.06909881413864483
0.003747241884500596,0.747122242597186,0.06909881413864483
0.003747241884500596,0.747122242597186,0.06909881413864483
0.003747241884500596,0.747122242597186,0.06909881413864483
0.003747241884500596,0.747122242597186,0.06909881413864483
0.003747241884500596,0.747122242597186,0.06909881413864483
0.01434031878813613,-1.017347085160921,0.08415813188849341
0.01434031878813613,-1.017347085160921,0.08415813188849341
0.01434031878813613,-1.017347085160921,0.08415813188849341
0.01434031878813613,-1.017347085160921,0.08415813188849341
0.01434031878813613,-1.017347085160921,0.08415813188849341
0.01434031878813613,-1.017347085160921,0.08415813188849341
-0.01232922055620378,-0.10630231423290581,0.046579945735800266
-0.01232922055620378,-0.10630231423290581,0.046579945735800266
-0.01232922055620378,-0.10630231423290581,0.046579945735800266
-0.01232922055620378,-0.10630231423290581,0.046579945735800266
-0.01232922055620378,-0.10630231423290581,0.046579945735800266
-0.01232922055620378,-0.10630231423290581,0.046579945735800266
0.07580994295056342,-0.12229538552063701,-0.030661373398192637
0.07580994295056342,-0.12229538552063701,-0.030661373398192637
0.07580994295056342,-0.12229538552063701,-0.030661373398192637
0.07580994295056342,-0.12229538552063701,-0.030661373398192637
0.07580994295056342,-0.12229538552063701,-0.030661373398192637
0.07580994295056342,-0.12229538552063701,-0.030661373398192637
0.019165385257043255,0.6655573302388333,0.02915317648757565
0.019165385257043255,0.6655573302388333,0.02915317648757565
0.019165385257043255,0.6655573302388333,0.02915317648757565
0.019165385257043255,0.6655573302388333,0.02915317648757565
0.019165385257043255,0.6655573302388333,0.02915317648757565
0.019165385257043255,0.6655573302388333,0.02915317648757565
0.06470229300535024,-1.408394332876675,0.06319148905920002
0.06470229300535024,-1.408394332876675,0.06319148905920002
0.06470229300535024,-1.408394332876675,0.06319148905920002
0.06470229300535024,-1.408394332876675,0.06319148905920002
0.06470229300535024,-1.408394332876675,0.06319148905920002
0.06470229300535024,-1.408394332876675,0.06319148905920002
-0.028893057088822616,1.34233025788091,0.07723039124490683
-0.028893057088822616,1.34233025788091,0.07723039124490683
-0.028893057088822616,1.34233025788091,0.07723039124490683
-0.028893057088822616,1.34233025788091,0.07723039124490683
-0.028893057088822616,1.34233025788091,0.07723039124490683
-0.028893057088822616,1.34233025788091,0.07723039124490683
0.031968736081964266,-0.8081799247747554,0.13436320253272527
0.031968736081964266,-0.8081799247747554,0.13436320253272527
0.031968736081964266,-0.8081799247747554,0.13436320253272527
0.031968736081964266,-0.8081799247747554,0.13436320253272527
0.031968736081964266,-0.8081799247747554,0.13436320253272527
0.031968736081964266,-0.8081799247747554,0.13436320253272527
0.06540428533038067,-1.766501435618629,0.04947258419467104
0.06540428533038067,-1.766501435618629,0.04947258419467104
0.06540428533038067,-1.766501435618629,0.04947258419467104
0.06540428533038067,-1.766501435618629,0.04947258419467104
0.06540428533038067,-1.766501435618629,0.04947258419467104
0.06540428533038067,-1.766501435618629,0.04947258419467104
0.07273252199771463,1.529165907110702,-0.05792114442393981
0.07273252199771463,1.529165907110702,-0.05792114442393981
0.07273252199771463,1.529165907110702,-0.05792114442393981
0.07273252199771463,1.529165907110702,-0.05792114442393981
0.07273252199771463,1.529165907110702,-0.05792114442393981
0.07273252199771463,1.529165907110702,-0.05792114442393981
0.030605342124001567,-1.5808968992044399,0.015475036430618871
0.030605342124001567,-1.5808968992044399,0.015475036430618871
0.030605342124001567,-1.5808968992044399,0.015475036430618871
0.030605342124001567,-1.5808968992044399,0.015475036430618871
0.030605342124001567,-1.5808968992044399,0.015475036430618871
0.030605342124001567,-1.5808968992044399,0.015475036430618871
0.010440343413598896,1.3574561540389638,0.002080607386599098
0.010440343413598896,1.3574561540389638,0.002080607386599098
0.010440343413598896,1.3574561540389638,0.002080607386599098
0.010440343413598896,1.3574561540389638,0.002080607386599098
0.010440343413598896,1.3574561540389638,0.002080607386599098
0.010440343413598896,1.3574561540389638,0.002080607386599098
0.08458002948700738,-1.1902795797236223,-0.03466365394190518
0.08458002948700738,-1.1902795797236223,-0.03466365394190518
0.08458002948700738,-1.1902795797236223,-0.03466365394190518
0.08458002948700738,-1.1902795797236223,-0.03466365394190518
0.08458002948700738,-1.1902795797236223,-0.03466365394190518
0.08458002948700738,-1.1902795797236223,-0.03466365394190518
-0.013438044475343247,1.16420364025155,-0.09711412358139526
-0.013438044475343247,1.16420364025155,-0.09711412358139526
-0.013438044475343247,1.16420364025155,-0.09711412358139526
-0.013438044475343247,1.16420364025155,-0.09711412358139526
-0.013438044475343247,1.16420364025155,-0.09711412358139526
-0.013438044475343247,1.16420364025155,-0.09711412358139526
0.030941817608773903,0.921948164530562,-0.0031199066197977743
0.030941817608773903,0.921948164530562,-0.0031199066197977743
0.030941817608773903,0.921948164530562,-0.0031199066197977743
0.030941817608773903,0.921948164530562,-0.0031199066197977743
0.030941817608773903,0.921948164530562,-0.0031199066197977743
0.030941817608773903,0.921948164530562,-0.0031199066197977743
0.033726294413352065,-0.3200432961975608,-0.04714454096636089
0.033726294413352065,-0.3200432961975608,-0.04714454096636089
0.033726294413352065,-0.3200432961975608,-0.04714454096636089
0.033726294413352065,-0.3200432961975608,-0.04714454096636089
0.033726294413352065,-0.3200432961975608,-0.04714454096636089
0.033726294413352065,-0.3200432961975608,-0.04714454096636089
-0.043990812213817065,-0.12370166179695019,-0.06893782951589245
-0.043990812213817065,-0.12370166179695019,-0.06893782951589245
-0.043990812213817065,-0.12370166179695019,-0.06893782951589245
-0.043990812213817065,-0.12370166179695019,-0.06893782951589245
-0.043990812213817065,-0.12370166179695019,-0.06893782951589245
-0.043990812213817065,-0.12370166179695019,-0.06893782951589245
0.02048228728620316,-0.3737368698503545,-0.06285151802952882
0.02048228728620316,-0.3737368698503545,-0.06285151802952882
0.02048228728620316,-0.3737368698503545,-0.06285151802952882
0.02048228728620316,-0.3737368698503545,-0.06285151802952882
0.02048228728620316,-0.3737368698503545,-0.06285151802952882
0.02048228728620316,-0.3737368698503545,-0.06285151802952882
0.08635662824733004,-0.24231475519966494,-0.04143811380820139
0.08635662824733004,-0.24231475519966494,-0.04143811380820139
0.08635662824733004,-0.24231475519966494,-0.04143811380820139
0.08635662824733004,-0.24231475519966494,-0.04143811380820139
0.08635662824733004,-0.24231475519966494,-0.04143811380820139
0.08635662824733004,-0.24231475519966494,-0.04143811380820139
-0.008468249459617994,0.30167092310792754,0.02033804488520019
-0.008468249459617994,0.30167092310792754,0.02033804488520019
-0.008468249459617994,0.30167092310792754,0.02033804488520019
-0.008468249459617994,0.30167092310792754,0.02033804488520019
-0.008468249459617994,0.30167092310792754,0.02033804488520019
-0.008468249459617994,0.30167092310792754,0.02033804488520019
0.01834363573502884,1.2485626484587584,0.11353262234003836
0.01834363573502884,1.2485626484587584,0.11353262234003836
0.01834363573502884,1.2485626484587584,0.11353262234003836
0.01834363573502884,1.2485626484587584,0.11353262234003836
0.01834363573502884,1.2485626484587584,0.11353262234003836
0.01834363573502884,1.2485626484587584,0.11353262234003836
-0.016601298832650713,-0.46662027277126583,-0.015234885749784155
-0.016601298832650713,-0.46662027277126583,-0.015234885749784155
-0.016601298832650713,-0.46662027277126583,-0.015234885749784155
-0.016601298832650713,-0.46662027277126583,-0.015234885749784155
-0.016601298832650713,-0.46662027277126583,-0.015234885749784155
-0.016601298832650713,-0.46662027277126583,-0.015234885749784155
-0.060984532702761385,-1.488023237121702,0.008512223334122382
-0.060984532702761385,-1.488023237121702,0.008512223334122382
-0.060984532702761385,-1.488023237121702,0.008512223334122382
-0.060984532702761385,-1.488023237121702,0.008512223334122382
-0.060984532702761385,-1.488023237121702,0.008512223334122382
-0.060984532702761385,-1.488023237121702,0.008512223334122382
-0.0030663813924860506,1.235316482003789,0.024840712310229662
-0.0030663813924860506,1.235316482003789,0.024840712310229662
-0.0030663813924860506,1.235316482003789,0.024840712310229662
-0.0030663813924860506,1.235316482003789,0.024840712310229662
-0.0030663813924860506,1.235316482003789,0.024840712310229662
-0.0030663813924860506,1.235316482003789,0.024840712310229662
-1.330898354716581,-0.28549708634561455,0.029795449341509794
-1.330898354716581,-0.28549708634561455,0.029795449341509794
-1.330898354716581,-0.28549708634561455,0.029795449341509794
-1.330898354716581,-0.28549708634561455,0.029795449341509794
-1.330898354716581,-0.28549708634561455,0.029795449341509794
-1.330898354716581,-0.28549708634561455,0.029795449341509794
-0.4396670044591531,1.315171928362517,-0.0016775325903033433
-0.4396670044591531,1.315171928362517,-0.0016775325903033433
-0.4396670044591531,1.315171928362517,-0.0016775325903033433
-0.4396670044591531,1.315171928362517,-0.0016775325903033433
-0.4396670044591531,1.315171928362517,-0.0016775325903033433
-0.4396670044591531,1.315171928362517,-0.0016775325903033433
-0.1563949063014114,-1.190843008411278,-0.06368656918643367
-0.1563949063014114,-1.190843008411278,-0.06368656918643367
-0.1563949063014114,-1.190843008411278,-0.06368656918643367
-0.1563949063014114,-1.190843008411278,-0.06368656918643367
-0.1563949063014114,-1.190843008411278,-0.06368656918643367
-0.1563949063014114,-1.190843008411278,-0.06368656918643367
-0.07879692301933972,-0.7900167098153048,-0.011265384277979962
-0.07879692301933972,-0.7900167098153048,-0.011265384277979962
-0.07879692301933972,-0.7900167098153048,-0.011265384277979962
-0.07879692301933972,-0.7900167098153048,-0.011265384277979962
-0.07879692301933972,-0.7900167098153048,-0.011265384277979962
-0.07879692301933972,-0.7900167098153048,-0.011265384277979962
-0.06185884291553734,-0.7728572829530478,-0.06091180953491104
-0.06185884291553734,-0.7728572829530478,-0.06091180953491104
-0.06185884291553734,-0.7728572829530478,-0.06091180953491104
-0.06185884291553734,-0.7728572829530478,-0.06091180953491104
-0.06185884291553734,-0.7728572829530478,-0.06091180953491104
-0.06185884291553734,-0.7728572829530478,-0.06091180953491104
0.06058728897377108,-0.03737782393609024,-0.0174155199837962
0.06058728897377108,-0.03737782393609024,-0.0174155199837962
0.06058728897377108,-0.03737782393609024,-0.0174155199837962
0.06058728897377108,-0.03737782393609024,-0.0174155199837962
0.06058728897377108,-0.03737782393609024,-0.0174155199837962
0.06058728897377108,-0.03737782393609024,-0.0174155199837962
0.02446430394167365,1.4780034052772777,-0.1344014572746346
0.02446430394167365,1.4780034052772777,-0.1344014572746346
0.02446430394167365,1.4780034052772777,-0.1344014572746346
0.02446430394167365,1.4780034052772777,-0.1344014572746346
0.02446430394167365,1.4780034052772777,-0.1344014572746346
0.02446430394167365,1.4780034052772777,-0.1344014572746346
0.09724589130001604,-1.1883661331418764,-0.10684029486150592
0.09724589130001604,-1.1883661331418764,-0.10684029486150592
0.09724589130001604,-1.1883661331418764,-0.10684029486150592
0.09724589130001604,-1.1883661331418764,-0.10684029486150592
0.09724589130001604,-1.1883661331418764,-0.10684029486150592
0.09724589130001604,-1.1883661331418764,-0.10684029486150592
-6.56,0.3432864215247804,-0.0696176137660629
-6.56,0.3432864215247804,-0.0696176137660629
-6.56,0.3432864215247804,-0.0696176137660629
-6.56,0.3432864215247804,-0.0696176137660629
-6.56,0.3432864215247804,-0.0696176137660629
-6.56,0.3432864215247804,-0.0696176137660629
-6.56,-2.935773597901843,-0.08471921679847938
-6.56,-2.935773597901843,-0.08471921679847938
-6.56,-2.935773597901843,-0.08471921679847938
-6.56,-2.935773597901843,-0.08471921679847938
-6.56,-2.935773597901843,-0.08471921679847938
-6.56,-2.935773597901843,-0.08471921679847938
-5.685950779353977,-2.3883105189283924,-0.012588294575277104
-5.685950779353977,-2.3883105189283924,-0.012588294575277104
-5.685950779353977,-2.3883105189283924,-0.012588294575277104
-5.685950779353977,-2.3883105189283924,-0.012588294575277104
-5.685950779353977,-2.3883105189283924,-0.012588294575277104
-5.685950779353977,-2.3883105189283924,-0.012588294575277104
-1.3882289269633041,-5.778163095976225,0.04736672747629811
-1.3882289269633041,-5.778163095976225,0.04736672747629811
-1.3882289269633041,-5.778163095976225,0.04736672747629811
-1.3882289269633041,-5.778163095976225,0.04736672747629811
-1.3882289269633041,-5.778163095976225,0.04736672747629811
-1.3882289269633041,-5.778163095976225,0.04736672747629811
-0.38375874710113145,-2.0114829568531327,-0.005756744764589428
-0.38375874710113145,-2.0114829568531327,-0.005756744764589428
-0.38375874710113145,-2.0114829568531327,-0.005756744764589428
-0.38375874710113145,-2.0114829568531327,-0.005756744764589428
-0.38375874710113145,-2.0114829568531327,-0.005756744764589428
-0.38375874710113145,-2.0114829568531327,-0.005756744764589428
-0.08741195751081232,-3.555371576175382,-0.08132839154851723
-0.08741195751081232,-3.555371576175382,-0.08132839154851723
-0.08741195751081232,-3.555371576175382,-0.08132839154851723
-0.08741195751081232,-3.555371576175382,-0.08132839154851723
-0.08741195751081232,-3.555371576175382,-0.08132839154851723
-0.08741195751081232,-3.555371576175382,-0.08132839154851723
0.004438019325842646,-2.351535547636743,-0.024366441012148243
0.004438019325842646,-2.351535547636743,-0.024366441012148243
0.004438019325842646,-2.351535547636743,-0.024366441012148243
0.004438019325842646,-2.351535547636743,-0.024366441012148243
0.004438019325842646,-2.351535547636743,-0.024366441012148243
0.004438019325842646,-2.351535547636743,-0.024366441012148243
-0.019995731503918535,-2.5967213576820463,-0.07019833749365745
-0.019995731503918535,-2.5967213576820463,-0.07019833749365745
-0.019995731503918535,-2.5967213576820463,-0.07019833749365745
-0.019995731503918535,-2.5967213576820463,-0.07019833749365745
-0.019995731503918535,-2.5967213576820463,-0.07019833749365745
-0.019995731503918535,-2.5967213576820463,-0.07019833749365745
0.05380363265720689,-0.3619515352738887,-0.05675444058336154
0.05380363265720689,-0.3619515352738887,-0.05675444058336154
0.05380363265720689,-0.3619515352738887,-0.05675444058336154
0.05380363265720689,-0.3619515352738887,-0.05675444058336154
