c0.a,c1.a,i0.a
0.0,3.5,0.0
0.0,3.5,0.0
0.0,3.5,0.0
0.0,3.5,0.0
0.0,3.5,0.0
0.0,3.5,0.0
-0.08292578106122583,3.5,0.08769463212981776
-0.08292578106122583,3.5,0.08769463212981776
-0.08292578106122583,3.5,0.08769463212981776
-0.08292578106122583,3.5,0.08769463212981776
-0.08292578106122583,3.5,0.08769463212981776
-0.08292578106122583,3.5,0.08769463212981776
0.01946757281325162,3.5,0.00019611955315745888
0.01946757281325162,3.5,0.00019611955315745888
0.01946757281325162,3.5,0.00019611955315745888
0.01946757281325162,3.5,0.00019611955315745888
0.01946757281325162,3.5,0.00019611955315745888
0.01946757281325162,3.5,0.00019611955315745888
0.04547454334014134,2.159770606770959,-0.03876380493303877
0.04547454334014134,2.159770606770959,-0.03876380493303877
0.04547454334014134,2.159770606770959,-0.03876380493303877
0.04547454334014134,2.159770606770959,-0.03876380493303877
0.04547454334014134,2.159770606770959,-0.03876380493303877
0.04547454334014134,2.159770606770959,-0.03876380493303877
-0.023434577847293525,-3.879377163764193,0.031114513419655765
-0.023434577847293525,-3.879377163764193,0.031114513419655765
-0.023434577847293525,-3.879377163764193,0.031114513419655765
-0.023434577847293525,-3.879377163764193,0.031114513419655765
-0.023434577847293525,-3.879377163764193,0.031114513419655765
-0.023434577847293525,-3.879377163764193,0.031114513419655765
-0.0166826080611866,1.161067245770635,0.09282496691677977
-0.0166826080611866,1.161067245770635,0.09282496691677977
-0.0166826080611866,1.161067245770635,0.09282496691677977
-0.0166826080611866,1.161067245770635,0.09282496691677977
-0.0166826080611866,1.161067245770635,0.09282496691677977
-0.0166826080611866,1.161067245770635,0.09282496691677977
-0.010530473869984291,-1.2271715187028711,0.051747830710782594
-0.010530473869984291,-1.2271715187028711,0.051747830710782594
-0.010530473869984291,-1.2271715187028711,0.051747830710782594
-0.010530473869984291,-1.2271715187028711,0.051747830710782594
-0.010530473869984291,-1.2271715187028711,0.051747830710782594
-0.010530473869984291,-1.2271715187028711,0.051747830710782594
-0.054175831078167036,-1.1556196366335811,0.0653562754843442
-0.054175831078167036,-1.1556196366335811,0.0653562754843442
-0.054175831078167036,-1.1556196366335811,0.0653562754843442
-0.054175831078167036,-1.1556196366335811,0.0653562754843442
-0.054175831078167036,-1.1556196366335811,0.0653562754843442
-0.054175831078167036,-1.1556196366335811,0.0653562754843442
-0.03208060581274097,1.7171682120548368,0.06259765382384685
-0.03208060581274097,1.7171682120548368,0.06259765382384685
-0.03208060581274097,1.7171682120548368,0.06259765382384685
-0.03208060581274097,1.7171682120548368,0.06259765382384685
-0.03208060581274097,1.7171682120548368,0.06259765382384685
-0.03208060581274097,1.7171682120548368,0.06259765382384685
0.02715542343550581,0.49103817245683246,0.07387557169799841
0.02715542343550581,0.49103817245683246,0.07387557169799841
0.02715542343550581,0.49103817245683246,0.07387557169799841
0.02715542343550581,0.49103817245683246,0.07387557169799841
0.02715542343550581,0.49103817245683246,0.07387557169799841
0.02715542343550581,0.49103817245683246,0.07387557169799841
-0.0736948454109374,-1.653047544480188,-0.012548515300366603
-0.0736948454109374,-1.653047544480188,-0.012548515300366603
-0.0736948454109374,-1.653047544480188,-0.012548515300366603
-0.0736948454109374,-1.653047544480188,-0.012548515300366603
-0.0736948454109374,-1.653047544480188,-0.012548515300366603
-0.0736948454109374,-1.653047544480188,-0.012548515300366603
-0.055121672950761536,-1.1223191922653122,-0.028617796059100087
-0.055121672950761536,-1.1223191922653122,-0.028617796059100087
-0.055121672950761536,-1.1223191922653122,-0.028617796059100087
-0.055121672950761536,-1.1223191922653122,-0.028617796059100087
-0.055121672950761536,-1.1223191922653122,-0.028617796059100087
-0.055121672950761536,-1.1223191922653122,-0.028617796059100087
0.02825307491868223,-1.5690863296827295,0.007029972187233113
0.02825307491868223,-1.5690863296827295,0.007029972187233113
0.02825307491868223,-1.5690863296827295,0.007029972187233113
0.02825307491868223,-1.5690863296827295,0.007029972187233113
0.02825307491868223,-1.5690863296827295,0.007029972187233113
0.02825307491868223,-1.5690863296827295,0.007029972187233113
0.03881542520734449,0.07820282524061994,0.05688966664630435
0.03881542520734449,0.07820282524061994,0.05688966664630435
0.03881542520734449,0.07820282524061994,0.05688966664630435
0.03881542520734449,0.07820282524061994,0.05688966664630435
0.03881542520734449,0.07820282524061994,0.05688966664630435
0.03881542520734449,0.07820282524061994,0.05688966664630435
0.12639517065248818,-0.36351145844715305,0.01667171392008271
0.12639517065248818,-0.36351145844715305,0.01667171392008271
0.12639517065248818,-0.36351145844715305,0.01667171392008271
0.12639517065248818,-0.36351145844715305,0.01667171392008271
0.12639517065248818,-0.36351145844715305,0.01667171392008271
0.12639517065248818,-0.36351145844715305,0.01667171392008271
0.06067528053103288,-0.2160626678809301,-0.07484165754945771
0.06067528053103288,-0.2160626678809301,-0.07484165754945771
0.06067528053103288,-0.2160626678809301,-0.07484165754945771
0.06067528053103288,-0.2160626678809301,-0.07484165754945771
0.06067528053103288,-0.2160626678809301,-0.07484165754945771
0.06067528053103288,-0.2160626678809301,-0.07484165754945771
0.09188906865795765,1.1503183113077888,-0.02175990854762766
0.09188906865795765,1.1503183113077888,-0.02175990854762766
0.09188906865795765,1.1503183113077888,-0.02175990854762766
0.09188906865795765,1.1503183113077888,-0.02175990854762766
0.09188906865795765,1.1503183113077888,-0.02175990854762766
0.09188906865795765,1.1503183113077888,-0.02175990854762766
-0.013360328843097236,-0.9453161975998228,0.0020302518473194198
-0.013360328843097236,-0.9453161975998228,0.0020302518473194198
-0.013360328843097236,-0.9453161975998228,0.0020302518473194198
-0.013360328843097236,-0.9453161975998228,0.0020302518473194198
-0.013360328843097236,-0.9453161975998228,0.0020302518473194198
-0.013360328843097236,-0.9453161975998228,0.0020302518473194198
0.05857833383797839,0.1960865446372182,0.03672262543873295
0.05857833383797839,0.1960865446372182,0.03672262543873295
0.05857833383797839,0.1960865446372182,0.03672262543873295
0.05857833383797839,0.1960865446372182,0.03672262543873295
0.05857833383797839,0.1960865446372182,0.03672262543873295
0.05857833383797839,0.1960865446372182,0.03672262543873295
0.00665687028711659,0.2400064016871859,-0.031551261095520644
0.00665687028711659,0.2400064016871859,-0.031551261095520644
0.00665687028711659,0.2400064016871859,-0.031551261095520644
0.00665687028711659,0.2400064016871859,-0.031551261095520644
0.00665687028711659,0.2400064016871859,-0.031551261095520644
0.00665687028711659,0.2400064016871859,-0.031551261095520644
0.021407487221853927,-1.533354633883178,-0.10034666769068679
0.021407487221853927,-1.533354633883178,-0.10034666769068679
0.021407487221853927,-1.533354633883178,-0.10034666769068679
0.021407487221853927,-1.533354633883178,-0.10034666769068679
0.021407487221853927,-1.533354633883178,-0.10034666769068679
0.021407487221853927,-1.533354633883178,-0.10034666769068679
0.09162710791465756,0.7494594036149493,-0.10013867960693013
0.09162710791465756,0.7494594036149493,-0.10013867960693013
0.09162710791465756,0.7494594036149493,-0.10013867960693013
0.09162710791465756,0.7494594036149493,-0.10013867960693013
0.09162710791465756,0.7494594036149493,-0.10013867960693013
0.09162710791465756,0.7494594036149493,-0.10013867960693013
0.03479633387476433,-0.4640454447014548,-0.08609359919582005
0.03479633387476433,-0.4640454447014548,-0.08609359919582005
0.03479633387476433,-0.4640454447014548,-0.08609359919582005
0.03479633387476433,-0.4640454447014548,-0.08609359919582005
0.03479633387476433,-0.4640454447014548,-0.08609359919582005
0.03479633387476433,-0.4640454447014548,-0.08609359919582005
-0.06759300054715922,1.201191134729612,-0.045303533558328724
-0.06759300054715922,1.201191134729612,-0.045303533558328724
-0.06759300054715922,1.201191134729612,-0.045303533558328724
-0.06759300054715922,1.201191134729612,-0.045303533558328724
-0.06759300054715922,1.201191134729612,-0.045303533558328724
-0.06759300054715922,1.201191134729612,-0.045303533558328724
-0.11951573078717459,-0.10045086306214301,-0.09879950260145343
-0.11951573078717459,-0.10045086306214301,-0.09879950260145343
-0.11951573078717459,-0.10045086306214301,-0.09879950260145343
-0.11951573078717459,-0.10045086306214301,-0.09879950260145343
-0.11951573078717459,-0.10045086306214301,-0.09879950260145343
-0.11951573078717459,-0.10045086306214301,-0.09879950260145343
-0.000681509925479773,0.3455869827330247,-0.023396700514602742
-0.000681509925479773,0.3455869827330247,-0.023396700514602742
-0.000681509925479773,0.3455869827330247,-0.023396700514602742
-0.000681509925479773,0.3455869827330247,-0.023396700514602742
-0.000681509925479773,0.3455869827330247,-0.023396700514602742
-0.000681509925479773,0.3455869827330247,-0.023396700514602742
0.04564819810677534,-0.4971165380072975,-0.05532983918867451
0.04564819810677534,-0.4971165380072975,-0.05532983918867451
0.04564819810677534,-0.4971165380072975,-0.05532983918867451
0.04564819810677534,-0.4971165380072975,-0.05532983918867451
0.04564819810677534,-0.4971165380072975,-0.05532983918867451
0.04564819810677534,-0.4971165380072975,-0.05532983918867451
0.015630937955233293,0.2323878111532629,-2.4749161726940745
0.015630937955233293,0.2323878111532629,-2.4749161726940745
0.015630937955233293,0.2323878111532629,-2.4749161726940745
0.015630937955233293,0.2323878111532629,-2.4749161726940745
0.015630937955233293,0.2323878111532629,-2.4749161726940745
0.015630937955233293,0.2323878111532629,-2.4749161726940745
-0.04312081438804327,-0.567177494281534,-1.0371270677360442
-0.04312081438804327,-0.567177494281534,-1.0371270677360442
-0.04312081438804327,-0.567177494281534,-1.0371270677360442
-0.04312081438804327,-0.567177494281534,-1.0371270677360442
-0.04312081438804327,-0.567177494281534,-1.0371270677360442
-0.04312081438804327,-0.567177494281534,-1.0371270677360442
-0.031343090473988866,1.8215594405777722,-0.5340714945611396
-0.031343090473988866,1.8215594405777722,-0.5340714945611396
-0.031343090473988866,1.8215594405777722,-0.5340714945611396
-0.031343090473988866,1.8215594405777722,-0.5340714945611396
-0.031343090473988866,1.8215594405777722,-0.5340714945611396
-0.031343090473988866,1.8215594405777722,-0.5340714945611396
0.016110505749312054,-0.40843230996458857,-0.2296610595788735
0.016110505749312054,-0.40843230996458857,-0.2296610595788735
0.016110505749312054,-0.40843230996458857,-0.2296610595788735
0.016110505749312054,-0.40843230996458857,-0.2296610595788735
0.016110505749312054,-0.40843230996458857,-0.2296610595788735
0.016110505749312054,-0.40843230996458857,-0.2296610595788735
0.06790200547396985,0.31253954285540786,-0.17386874558098597
0.06790200547396985,0.31253954285540786,-0.17386874558098597
0.06790200547396985,0.31253954285540786,-0.17386874558098597
0.06790200547396985,0.31253954285540786,-0.17386874558098597
0.06790200547396985,0.31253954285540786,-0.17386874558098597
0.06790200547396985,0.31253954285540786,-0.17386874558098597
-0.004177345712056635,0.8894599949967343,-0.1641196221058916
-0.004177345712056635,0.8894599949967343,-0.1641196221058916
-0.004177345712056635,0.8894599949967343,-0.1641196221058916
-0.004177345712056635,0.8894599949967343,-0.1641196221058916
-0.004177345712056635,0.8894599949967343,-0.1641196221058916
-0.004177345712056635,0.8894599949967343,-0.1641196221058916
0.024870083072418225,-0.2960163468739445,0.05593508738308728
0.024870083072418225,-0.2960163468739445,0.05593508738308728
0.024870083072418225,-0.2960163468739445,0.05593508738308728
0.024870083072418225,-0.2960163468739445,0.05593508738308728
0.024870083072418225,-0.2960163468739445,0.05593508738308728
0.024870083072418225,-0.2960163468739445,0.05593508738308728
-0.0003016711880956535,0.2202687408190407,-0.01486019606157285
-0.0003016711880956535,0.2202687408190407,-0.01486019606157285
-0.0003016711880956535,0.2202687408190407,-0.01486019606157285
-0.0003016711880956535,0.2202687408190407,-0.01486019606157285
-0.0003016711880956535,0.2202687408190407,-0.01486019606157285
-0.0003016711880956535,0.2202687408190407,-0.01486019606157285
-0.08656054079209596,-0.5281576974917961,0.06399498814250393
-0.08656054079209596,-0.5281576974917961,0.06399498814250393
-0.08656054079209596,-0.5281576974917961,0.06399498814250393
-0.08656054079209596,-0.5281576974917961,0.06399498814250393
-0.08656054079209596,-0.5281576974917961,0.06399498814250393
-0.08656054079209596,-0.5281576974917961,0.06399498814250393
0.049278331924314855,-1.4326234650968708,0.013204865321650772
0.049278331924314855,-1.4326234650968708,0.013204865321650772
0.049278331924314855,-1.4326234650968708,0.013204865321650772
0.049278331924314855,-1.4326234650968708,0.013204865321650772
0.049278331924314855,-1.4326234650968708,0.013204865321650772
0.049278331924314855,-1.4326234650968708,0.013204865321650772
0.019994414888321543,1.8977392772227404,-0.079962152979002
0.019994414888321543,1.8977392772227404,-0.079962152979002
0.019994414888321543,1.8977392772227404,-0.079962152979002
0.019994414888321543,1.8977392772227404,-0.079962152979002
0.019994414888321543,1.8977392772227404,-0.079962152979002
0.019994414888321543,1.8977392772227404,-0.079962152979002
0.030222670633243354,-1.2917066847265808,-0.09813847344613791
0.030222670633243354,-1.2917066847265808,-0.09813847344613791
0.030222670633243354,-1.2917066847265808,-0.09813847344613791
0.030222670633243354,-1.2917066847265808,-0.09813847344613791
0.030222670633243354,-1.2917066847265808,-0.09813847344613791
0.030222670633243354,-1.2917066847265808,-0.09813847344613791
-0.018373213895385376,0.841182011453963,-0.054447108388869125
-0.018373213895385376,0.841182011453963,-0.054447108388869125
-0.018373213895385376,0.841182011453963,-0.054447108388869125
-0.018373213895385376,0.841182011453963,-0.054447108388869125
-0.018373213895385376,0.841182011453963,-0.054447108388869125
-0.018373213895385376,0.841182011453963,-0.054447108388869125
0.04522644609772186,-0.5326420131508129,-0.061405852099079894
0.04522644609772186,-0.5326420131508129,-0.061405852099079894
0.04522644609772186,-0.5326420131508129,-0.061405852099079894
0.04522644609772186,-0.5326420131508129,-0.061405852099079894
0.04522644609772186,-0.5326420131508129,-0.061405852099079894
0.04522644609772186,-0.5326420131508129,-0.061405852099079894
0.019716719013683104,0.7100417101704473,3.5
0.019716719013683104,0.7100417101704473,3.5
0.019716719013683104,0.7100417101704473,3.5
0.019716719013683104,0.7100417101704473,3.5
0.019716719013683104,0.7100417101704473,3.5
0.019716719013683104,0.7100417101704473,3.5
-0.0464167003192717,1.474491377046089,3.5
-0.0464167003192717,1.474491377046089,3.5
-0.0464167003192717,1.474491377046089,3.5
-0.0464167003192717,1.474491377046089,3.5
-0.0464167003192717,1.474491377046089,3.5
-0.0464167003192717,1.474491377046089,3.5
0.016082249146290195,-1.214356513685722,3.5
0.016082249146290195,-1.214356513685722,3.5
0.016082249146290195,-1.214356513685722,3.5
0.016082249146290195,-1.214356513685722,3.5
0.016082249146290195,-1.214356513685722,3.5
0.016082249146290195,-1.214356513685722,3.5
-0.1012131395987872,-0.10358023335675881,3.5
-0.1012131395987872,-0.10358023335675881,3.5
-0.1012131395987872,-0.10358023335675881,3.5
-0.1012131395987872,-0.10358023335675881,3.5
-0.1012131395987872,-0.10358023335675881,3.5
-0.1012131395987872,-0.10358023335675881,3.5
-0.03941283203307222,0.7986125992503972,3.5
-0.03941283203307222,0.7986125992503972,3.5
-0.03941283203307222,0.7986125992503972,3.5
-0.03941283203307222,0.7986125992503972,3.5
-0.03941283203307222,0.7986125992503972,3.5
-0.03941283203307222,0.7986125992503972,3.5
-0.026842940666236714,-0.0642629697770758,1.4482062014978538
-0.026842940666236714,-0.0642629697770758,1.4482062014978538
-0.026842940666236714,-0.0642629697770758,1.4482062014978538
-0.026842940666236714,-0.0642629697770758,1.4482062014978538
-0.026842940666236714,-0.0642629697770758,1.4482062014978538
-0.026842940666236714,-0.0642629697770758,1.4482062014978538
0.017530869100875535,0.38788381458247656,0.8819235096923776
0.017530869100875535,0.38788381458247656,0.8819235096923776
0.017530869100875535,0.38788381458247656,0.8819235096923776
0.017530869100875535,0.38788381458247656,0.8819235096923776
0.017530869100875535,0.38788381458247656,0.8819235096923776
0.017530869100875535,0.38788381458247656,0.8819235096923776
-0.03747112846567191,-0.5878035020547543,0.3635829677234028
-0.03747112846567191,-0.5878035020547543,0.3635829677234028
-0.03747112846567191,-0.5878035020547543,0.3635829677234028
-0.03747112846567191,-0.5878035020547543,0.3635829677234028
-0.03747112846567191,-0.5878035020547543,0.3635829677234028
-0.03747112846567191,-0.5878035020547543,0.3635829677234028
-0.06113908145113989,0.8253751999279686,0.052175008035145964
-0.06113908145113989,0.8253751999279686,0.052175008035145964
-0.06113908145113989,0.8253751999279686,0.052175008035145964
-0.06113908145113989,0.8253751999279686,0.052175008035145964
-0.06113908145113989,0.8253751999279686,0.052175008035145964
-0.06113908145113989,0.8253751999279686,0.052175008035145964
-0.06185331109572978,0.4486737260368976,0.021002274128992582
-0.06185331109572978,0.4486737260368976,0.021002274128992582
-0.06185331109572978,0.4486737260368976,0.021002274128992582
-0.06185331109572978,0.4486737260368976,0.021002274128992582
-0.06185331109572978,0.4486737260368976,0.021002274128992582
-0.06185331109572978,0.4486737260368976,0.021002274128992582
-0.014554822171154669,-0.3994286173414636,-0.002012597633608948
-0.014554822171154669,-0.3994286173414636,-0.002012597633608948
-0.014554822171154669,-0.3994286173414636,-0.002012597633608948
-0.014554822171154669,-0.3994286173414636,-0.002012597633608948
-0.014554822171154669,-0.3994286173414636,-0.002012597633608948
-0.014554822171154669,-0.3994286173414636,-0.002012597633608948
-0.011484420945397034,-0.09001937719131803,-0.017341116813621937
-0.011484420945397034,-0.09001937719131803,-0.017341116813621937
-0.011484420945397034,-0.09001937719131803,-0.017341116813621937
-0.011484420945397034,-0.09001937719131803,-0.017341116813621937
-0.011484420945397034,-0.09001937719131803,-0.017341116813621937
-0.011484420945397034,-0.09001937719131803,-0.017341116813621937
-0.08918621860372866,-0.7227221898994287,0.021619861075389935
-0.08918621860372866,-0.7227221898994287,0.021619861075389935
-0.08918621860372866,-0.7227221898994287,0.021619861075389935
-0.08918621860372866,-0.7227221898994287,0.021619861075389935
-0.08918621860372866,-0.7227221898994287,0.021619861075389935
-0.08918621860372866,-0.7227221898994287,0.021619861075389935
-0.04499186814266132,0.27374109229776167,-0.012298897235659467
-0.04499186814266132,0.27374109229776167,-0.012298897235659467
-0.04499186814266132,0.27374109229776167,-0.012298897235659467
-0.04499186814266132,0.27374109229776167,-0.012298897235659467
-0.04499186814266132,0.27374109229776167,-0.012298897235659467
-0.04499186814266132,0.27374109229776167,-0.012298897235659467
-0.019522850090163857,-0.29886213043822707,-0.053920977025136096
-0.019522850090163857,-0.29886213043822707,-0.053920977025136096
-0.019522850090163857,-0.29886213043822707,-0.053920977025136096
-0.019522850090163857,-0.29886213043822707,-0.053920977025136096
-0.019522850090163857,-0.29886213043822707,-0.053920977025136096
-0.019522850090163857,-0.29886213043822707,-0.053920977025136096
-0.030590007722775425,-0.3777727462325622,0.0513916564353174
-0.030590007722775425,-0.3777727462325622,0.0513916564353174
-0.030590007722775425,-0.3777727462325622,0.0513916564353174
-0.030590007722775425,-0.3777727462325622,0.0513916564353174
-0.030590007722775425,-0.3777727462325622,0.0513916564353174
-0.030590007722775425,-0.3777727462325622,0.0513916564353174
-0.006227899057355657,1.1011533773995978,0.014096302186821674
-0.006227899057355657,1.1011533773995978,0.014096302186821674
-0.006227899057355657,1.1011533773995978,0.014096302186821674
-0.006227899057355657,1.1011533773995978,0.014096302186821674
-0.006227899057355657,1.1011533773995978,0.014096302186821674
-0.006227899057355657,1.1011533773995978,0.014096302186821674
-0.02563988640556225,-0.5097507861975501,-0.006888098458407654
-0.02563988640556225,-0.5097507861975501,-0.006888098458407654
-0.02563988640556225,-0.5097507861975501,-0.006888098458407654
-0.02563988640556225,-0.5097507861975501,-0.006888098458407654
-0.02563988640556225,-0.5097507861975501,-0.006888098458407654
-0.02563988640556225,-0.5097507861975501,-0.006888098458407654
-0.004987088929516048,-1.1672557948532685,0.010460166969728846
-0.004987088929516048,-1.1672557948532685,0.010460166969728846
-0.004987088929516048,-1.1672557948532685,0.010460166969728846
-0.004987088929516048,-1.1672557948532685,0.010460166969728846
-0.004987088929516048,-1.1672557948532685,0.010460166969728846
-0.004987088929516048,-1.1672557948532685,0.010460166969728846
0.04219823323757943,2.233208362785568,0.05891535473996967
0.04219823323757943,2.233208362785568,0.05891535473996967
0.04219823323757943,2.233208362785568,0.05891535473996967
0.04219823323757943,2.233208362785568,0.05891535473996967
0.04219823323757943,2.233208362785568,0.05891535473996967
0.04219823323757943,2.233208362785568,0.05891535473996967
0.03391402475716454,-1.7393750747759817,0.021850575550782736
0.03391402475716454,-1.7393750747759817,0.021850575550782736
0.03391402475716454,-1.7393750747759817,0.021850575550782736
0.03391402475716454,-1.7393750747759817,0.021850575550782736
0.03391402475716454,-1.7393750747759817,0.021850575550782736
0.03391402475716454,-1.7393750747759817,0.021850575550782736
-0.024705396211569308,-0.5560253792799834,-0.02299975284574529
-0.024705396211569308,-0.5560253792799834,-0.02299975284574529
-0.024705396211569308,-0.5560253792799834,-0.02299975284574529
-0.024705396211569308,-0.5560253792799834,-0.02299975284574529
-0.024705396211569308,-0.5560253792799834,-0.02299975284574529
-0.024705396211569308,-0.5560253792799834,-0.02299975284574529
-0.07270342549099418,0.04015305908925981,-0.021393872171188377
-0.07270342549099418,0.04015305908925981,-0.021393872171188377
-0.07270342549099418,0.04015305908925981,-0.021393872171188377
-0.07270342549099418,0.04015305908925981,-0.021393872171188377
-0.07270342549099418,0.04015305908925981,-0.021393872171188377
-0.07270342549099418,0.04015305908925981,-0.021393872171188377
0.02806639174766623,0.3007634869087319,0.0569126078996014
0.02806639174766623,0.3007634869087319,0.0569126078996014
0.02806639174766623,0.3007634869087319,0.0569126078996014
0.02806639174766623,0.3007634869087319,0.0569126078996014
0.02806639174766623,0.3007634869087319,0.0569126078996014
0.02806639174766623,0.3007634869087319,0.0569126078996014
-0.010291375098780975,-0.2260681206128652,-0.02423970919087637
-0.010291375098780975,-0.2260681206128652,-0.02423970919087637
-0.010291375098780975,-0.2260681206128652,-0.02423970919087637
-0.010291375098780975,-0.2260681206128652,-0.02423970919087637
-0.010291375098780975,-0.2260681206128652,-0.02423970919087637
-0.010291375098780975,-0.2260681206128652,-0.02423970919087637
0.048910654912464935,-0.31314739937543834,0.03437871763188127
0.048910654912464935,-0.31314739937543834,0.03437871763188127
0.048910654912464935,-0.31314739937543834,0.03437871763188127
0.048910654912464935,-0.31314739937543834,0.03437871763188127
0.048910654912464935,-0.31314739937543834,0.03437871763188127
0.048910654912464935,-0.31314739937543834,0.03437871763188127
0.08308687637559053,1.4867823572432535,0.030475506325760904
0.08308687637559053,1.4867823572432535,0.030475506325760904
0.08308687637559053,1.4867823572432535,0.030475506325760904
0.08308687637559053,1.4867823572432535,0.030475506325760904
0.08308687637559053,1.4867823572432535,0.030475506325760904
0.08308687637559053,1.4867823572432535,0.030475506325760904
0.044160820735800854,-2.49973136684903,0.028297369902769987
0.044160820735800854,-2.49973136684903,0.028297369902769987
0.044160820735800854,-2.49973136684903,0.028297369902769987
0.044160820735800854,-2.49973136684903,0.028297369902769987
0.044160820735800854,-2.49973136684903,0.028297369902769987
0.044160820735800854,-2.49973136684903,0.028297369902769987
0.0011597217483316768,2.5353368621489594,-0.047746705626760644
0.0011597217483316768,2.5353368621489594,-0.047746705626760644
0.0011597217483316768,2.5353368621489594,-0.047746705626760644
0.0011597217483316768,2.5353368621489594,-0.047746705626760644
0.0011597217483316768,2.5353368621489594,-0.047746705626760644
0.0011597217483316768,2.5353368621489594,-0.047746705626760644
-0.005855576440962906,-1.3859065318927186,0.06408649625601015
-0.005855576440962906,-1.3859065318927186,0.06408649625601015
-0.005855576440962906,-1.3859065318927186,0.06408649625601015
-0.005855576440962906,-1.3859065318927186,0.06408649625601015
-0.005855576440962906,-1.3859065318927186,0.06408649625601015
-0.005855576440962906,-1.3859065318927186,0.06408649625601015
-0.001112849854262521,-0.049451616274527765,-0.0670460349125328
-0.001112849854262521,-0.049451616274527765,-0.0670460349125328
-0.001112849854262521,-0.049451616274527765,-0.0670460349125328
-0.001112849854262521,-0.049451616274527765,-0.0670460349125328
-0.001112849854262521,-0.049451616274527765,-0.0670460349125328
-0.001112849854262521,-0.049451616274527765,-0.0670460349125328
-0.03821285076463177,0.180268869339951,-0.02843279928240605
-0.03821285076463177,0.180268869339951,-0.02843279928240605
-0.03821285076463177,0.180268869339951,-0.02843279928240605
-0.03821285076463177,0.180268869339951,-0.02843279928240605
-0.03821285076463177,0.180268869339951,-0.02843279928240605
-0.03821285076463177,0.180268869339951,-0.02843279928240605
0.046039877850850175,-0.9099246784460071,0.03551603825225058
0.046039877850850175,-0.9099246784460071,0.03551603825225058
0.046039877850850175,-0.9099246784460071,0.03551603825225058
0.046039877850850175,-0.9099246784460071,0.03551603825225058
0.046039877850850175,-0.9099246784460071,0.03551603825225058
0.046039877850850175,-0.9099246784460071,0.03551603825225058
-0.008137865708555125,0.9595099187708449,-0.0024422827208603337
-0.008137865708555125,0.9595099187708449,-0.0024422827208603337
-0.008137865708555125,0.9595099187708449,-0.0024422827208603337
-0.008137865708555125,0.9595099187708449,-0.0024422827208603337
-0.008137865708555125,0.9595099187708449,-0.0024422827208603337
-0.008137865708555125,0.9595099187708449,-0.0024422827208603337
0.03983604767361726,-0.7011833393572502,0.045153844652961794
0.03983604767361726,-0.7011833393572502,0.045153844652961794
0.03983604767361726,-0.7011833393572502,0.045153844652961794
0.03983604767361726,-0.7011833393572502,0.045153844652961794
0.03983604767361726,-0.7011833393572502,0.045153844652961794
0.03983604767361726,-0.7011833393572502,0.045153844652961794
0.04090157354113977,-0.32252351159849724,0.04956006020998416
0.04090157354113977,-0.32252351159849724,0.04956006020998416
0.04090157354113977,-0.32252351159849724,0.04956006020998416
0.04090157354113977,-0.32252351159849724,0.04956006020998416
0.04090157354113977,-0.32252351159849724,0.04956006020998416
0.04090157354113977,-0.32252351159849724,0.04956006020998416
-0.004948295663425029,0.8300986256185467,0.041303326669336116
-0.004948295663425029,0.8300986256185467,0.041303326669336116
-0.004948295663425029,0.8300986256185467,0.041303326669336116
-0.004948295663425029,0.8300986256185467,0.041303326669336116
-0.004948295663425029,0.8300986256185467,0.041303326669336116
-0.004948295663425029,0.8300986256185467,0.041303326669336116
-0.0281473585429719,0.6941338242784099,0.09762986407706009
-0.0281473585429719,0.6941338242784099,0.09762986407706009
-0.0281473585429719,0.6941338242784099,0.09762986407706009
-0.0281473585429719,0.6941338242784099,0.09762986407706009
-0.0281473585429719,0.6941338242784099,0.09762986407706009
-0.0281473585429719,0.6941338242784099,0.09762986407706009
-0.12234149473077238,-0.37889070811628045,0.0362480409614534
-0.12234149473077238,-0.37889070811628045,0.0362480409614534
-0.12234149473077238,-0.37889070811628045,0.0362480409614534
-0.12234149473077238,-0.37889070811628045,0.0362480409614534
-0.12234149473077238,-0.37889070811628045,0.0362480409614534
-0.12234149473077238,-0.37889070811628045,0.0362480409614534
-0.0557477681400691,-0.7794665474879494,0.0319858823512611
-0.0557477681400691,-0.7794665474879494,0.0319858823512611
-0.0557477681400691,-0.7794665474879494,0.0319858823512611
-0.0557477681400691,-0.7794665474879494,0.0319858823512611
-0.0557477681400691,-0.7794665474879494,0.0319858823512611
-0.0557477681400691,-0.7794665474879494,0.0319858823512611
-0.06505449063568136,0.4176909118992498,-0.005780455900204373
-0.06505449063568136,0.4176909118992498,-0.005780455900204373
-0.06505449063568136,0.4176909118992498,-0.005780455900204373
-0.06505449063568136,0.4176909118992498,-0.005780455900204373
-0.06505449063568136,0.4176909118992498,-0.005780455900204373
-0.06505449063568136,0.4176909118992498,-0.005780455900204373
0.03412770227978257,0.13333926258277984,0.07844973716586523
0.03412770227978257,0.13333926258277984,0.07844973716586523
0.03412770227978257,0.13333926258277984,0.07844973716586523
0.03412770227978257,0.13333926258277984,0.07844973716586523
0.03412770227978257,0.13333926258277984,0.07844973716586523
0.03412770227978257,0.13333926258277984,0.07844973716586523
-0.10196353016440618,0.7907543509206256,-0.013485006559161405
-0.10196353016440618,0.7907543509206256,-0.013485006559161405
-0.10196353016440618,0.7907543509206256,-0.013485006559161405
-0.10196353016440618,0.7907543509206256,-0.013485006559161405
-0.10196353016440618,0.7907543509206256,-0.013485006559161405
-0.10196353016440618,0.7907543509206256,-0.013485006559161405
-0.04200656951367776,-0.4292358776617675,0.049522210081221374
-0.04200656951367776,-0.4292358776617675,0.049522210081221374
-0.04200656951367776,-0.4292358776617675,0.049522210081221374
-0.04200656951367776,-0.4292358776617675,0.049522210081221374
-0.04200656951367776,-0.4292358776617675,0.049522210081221374
-0.04200656951367776,-0.4292358776617675,0.049522210081221374
-0.11233650628318692,-0.7208570139311199,0.022270058373297985
-0.11233650628318692,-0.7208570139311199,0.022270058373297985
-0.11233650628318692,-0.7208570139311199,0.022270058373297985
-0.11233650628318692,-0.7208570139311199,0.022270058373297985
-0.11233650628318692,-0.7208570139311199,0.022270058373297985
-0.11233650628318692,-0.7208570139311199,0.022270058373297985
-0.001703488677991416,-0.7589940994187252,0.01335959038885548
-0.001703488677991416,-0.7589940994187252,0.01335959038885548
-0.001703488677991416,-0.7589940994187252,0.01335959038885548
-0.001703488677991416,-0.7589940994187252,0.01335959038885548
-0.001703488677991416,-0.7589940994187252,0.01335959038885548
-0.001703488677991416,-0.7589940994187252,0.01335959038885548
-0.0044802437128446115,0.6012703836531337,-0.028997770366427034
-0.0044802437128446115,0.6012703836531337,-0.028997770366427034
-0.0044802437128446115,0.6012703836531337,-0.028997770366427034
-0.0044802437128446115,0.6012703836531337,-0.028997770366427034
-0.0044802437128446115,0.6012703836531337,-0.028997770366427034
-0.0044802437128446115,0.6012703836531337,-0.028997770366427034
0.0004309379044595829,-0.2094609683006574,-0.07622130644943326
0.0004309379044595829,-0.2094609683006574,-0.07622130644943326
0.0004309379044595829,-0.2094609683006574,-0.07622130644943326
0.0004309379044595829,-0.2094609683006574,-0.07622130644943326
0.0004309379044595829,-0.2094609683006574,-0.07622130644943326
0.0004309379044595829,-0.2094609683006574,-0.07622130644943326
-0.021589970028047745,-1.0315707768388513,0.014591163858664657
-0.021589970028047745,-1.0315707768388513,0.014591163858664657
-0.021589970028047745,-1.0315707768388513,0.014591163858664657
-0.021589970028047745,-1.0315707768388513,0.014591163858664657
-0.021589970028047745,-1.0315707768388513,0.014591163858664657
-0.021589970028047745,-1.0315707768388513,0.014591163858664657
-0.09302111626743859,0.965256950106582,0.029235114709504018
-0.09302111626743859,0.965256950106582,0.029235114709504018
-0.09302111626743859,0.965256950106582,0.029235114709504018
-0.09302111626743859,0.965256950106582,0.029235114709504018
-0.09302111626743859,0.965256950106582,0.029235114709504018
-0.09302111626743859,0.965256950106582,0.029235114709504018
-0.027986834080969913,1.1819493249150668,-0.01730669886900671
-0.027986834080969913,1.1819493249150668,-0.01730669886900671
-0.027986834080969913,1.1819493249150668,-0.01730669886900671
-0.027986834080969913,1.1819493249150668,-0.01730669886900671
-0.027986834080969913,1.1819493249150668,-0.01730669886900671
-0.027986834080969913,1.1819493249150668,-0.01730669886900671
0.0030102475292324016,0.38722069963327144,-0.012539770642987946
0.0030102475292324016,0.38722069963327144,-0.012539770642987946
0.0030102475292324016,0.38722069963327144,-0.012539770642987946
0.0030102475292324016,0.38722069963327144,-0.012539770642987946
0.0030102475292324016,0.38722069963327144,-0.012539770642987946
0.0030102475292324016,0.38722069963327144,-0.012539770642987946
0.020546179597149106,0.07824250973700231,0.0258029530453463
0.020546179597149106,0.07824250973700231,0.0258029530453463
0.020546179597149106,0.07824250973700231,0.0258029530453463
0.020546179597149106,0.07824250973700231,0.0258029530453463
0.020546179597149106,0.07824250973700231,0.0258029530453463
0.020546179597149106,0.07824250973700231,0.0258029530453463
0.007504364662548113,-0.5043109897700226,0.005141931722821624
0.007504364662548113,-0.5043109897700226,0.005141931722821624
0.007504364662548113,-0.5043109897700226,0.005141931722821624
0.007504364662548113,-0.5043109897700226,0.005141931722821624
0.007504364662548113,-0.5043109897700226,0.005141931722821624
0.007504364662548113,-0.5043109897700226,0.005141931722821624
-0.03964578010266706,-0.5372740197541859,-0.03183235858613287
-0.03964578010266706,-0.5372740197541859,-0.03183235858613287
-0.03964578010266706,-0.5372740197541859,-0.03183235858613287
-0.03964578010266706,-0.5372740197541859,-0.03183235858613287
-0.03964578010266706,-0.5372740197541859,-0.03183235858613287
-0.03964578010266706,-0.5372740197541859,-0.03183235858613287
0.022279872086874875,1.239066855254201,-0.09111808529691245
0.022279872086874875,1.239066855254201,-0.09111808529691245
0.022279872086874875,1.239066855254201,-0.09111808529691245
0.022279872086874875,1.239066855254201,-0.09111808529691245
0.022279872086874875,1.239066855254201,-0.09111808529691245
0.022279872086874875,1.239066855254201,-0.09111808529691245
0.015301819841782915,-1.1291977224069996,0.044660009088115515
0.015301819841782915,-1.1291977224069996,0.044660009088115515
0.015301819841782915,-1.1291977224069996,0.044660009088115515
0.015301819841782915,-1.1291977224069996,0.044660009088115515
0.015301819841782915,-1.1291977224069996,0.044660009088115515
0.015301819841782915,-1.1291977224069996,0.044660009088115515
0.03020095695015712,0.4693736597197784,0.0740649307972916
0.03020095695015712,0.4693736597197784,0.0740649307972916
0.03020095695015712,0.4693736597197784,0.0740649307972916
0.03020095695015712,0.4693736597197784,0.0740649307972916
0.03020095695015712,0.4693736597197784,0.0740649307972916
0.03020095695015712,0.4693736597197784,0.0740649307972916
-0.06680536715662555,0.17419729232572578,0.1390815118649762
-0.06680536715662555,0.17419729232572578,0.1390815118649762
-0.06680536715662555,0.17419729232572578,0.1390815118649762
-0.06680536715662555,0.17419729232572578,0.1390815118649762
-0.06680536715662555,0.17419729232572578,0.1390815118649762
-0.06680536715662555,0.17419729232572578,0.1390815118649762
-0.022787945381395502,0.33154253154598123,0.04184390955340689
-0.022787945381395502,0.33154253154598123,0.04184390955340689
-0.022787945381395502,0.33154253154598123,0.04184390955340689
-0.022787945381395502,0.33154253154598123,0.04184390955340689
-0.022787945381395502,0.33154253154598123,0.04184390955340689
-0.022787945381395502,0.33154253154598123,0.04184390955340689
0.09411462541166848,-1.4046371924534782,-0.0053275084583681576
0.09411462541166848,-1.4046371924534782,-0.0053275084583681576
0.09411462541166848,-1.4046371924534782,-0.0053275084583681576
0.09411462541166848,-1.4046371924534782,-0.0053275084583681576
0.09411462541166848,-1.4046371924534782,-0.0053275084583681576
0.09411462541166848,-1.4046371924534782,-0.0053275084583681576
0.04875626019084578,2.826921878765461,0.005001378811673618
0.04875626019084578,2.826921878765461,0.005001378811673618
0.04875626019084578,2.826921878765461,0.005001378811673618
0.04875626019084578,2.826921878765461,0.005001378811673618
0.04875626019084578,2.826921878765461,0.005001378811673618
0.04875626019084578,2.826921878765461,0.005001378811673618
0.11706983636177704,-0.7129635149378828,0.06196859976619251
0.11706983636177704,-0.7129635149378828,0.06196859976619251
0.11706983636177704,-0.7129635149378828,0.06196859976619251
0.11706983636177704,-0.7129635149378828,0.06196859976619251
0.11706983636177704,-0.7129635149378828,0.06196859976619251
0.11706983636177704,-0.7129635149378828,0.06196859976619251
0.06036652424419131,-0.7717256746374908,0.0357928697350296
0.06036652424419131,-0.7717256746374908,0.0357928697350296
0.06036652424419131,-0.7717256746374908,0.0357928697350296
0.06036652424419131,-0.7717256746374908,0.0357928697350296
0.06036652424419131,-0.7717256746374908,0.0357928697350296
0.06036652424419131,-0.7717256746374908,0.0357928697350296
0.03484466134284858,-0.06062530130393995,0.08057306168893064
0.03484466134284858,-0.06062530130393995,0.08057306168893064
0.03484466134284858,-0.06062530130393995,0.08057306168893064
0.03484466134284858,-0.06062530130393995,0.08057306168893064
0.03484466134284858,-0.06062530130393995,0.08057306168893064
0.03484466134284858,-0.06062530130393995,0.08057306168893064
0.04852318941142819,0.25603735028408536,0.0363172849361888
0.04852318941142819,0.25603735028408536,0.0363172849361888
0.04852318941142819,0.25603735028408536,0.0363172849361888
0.04852318941142819,0.25603735028408536,0.0363172849361888
0.04852318941142819,0.25603735028408536,0.0363172849361888
0.04852318941142819,0.25603735028408536,0.0363172849361888
-0.0008551488288688347,-0.9920116729849724,0.046582651661090324
-0.0008551488288688347,-0.9920116729849724,0.046582651661090324
-0.0008551488288688347,-0.9920116729849724,0.046582651661090324
-0.0008551488288688347,-0.9920116729849724,0.046582651661090324
-0.0008551488288688347,-0.9920116729849724,0.046582651661090324
-0.0008551488288688347,-0.9920116729849724,0.046582651661090324
0.024842173614619156,0.9948409840977561,-0.026996374507941567
0.024842173614619156,0.9948409840977561,-0.026996374507941567
0.024842173614619156,0.9948409840977561,-0.026996374507941567
0.024842173614619156,0.9948409840977561,-0.026996374507941567
0.024842173614619156,0.9948409840977561,-0.026996374507941567
0.024842173614619156,0.9948409840977561,-0.026996374507941567
-0.018268191226439967,0.9159700333705558,0.04718932031384071
-0.018268191226439967,0.9159700333705558,0.04718932031384071
-0.018268191226439967,0.9159700333705558,0.04718932031384071
-0.018268191226439967,0.9159700333705558,0.04718932031384071
-0.018268191226439967,0.9159700333705558,0.04718932031384071
-0.018268191226439967,0.9159700333705558,0.04718932031384071
-0.08612682808783312,-1.7103411782529179,0.015294799452437502
-0.08612682808783312,-1.7103411782529179,0.015294799452437502
-0.08612682808783312,-1.7103411782529179,0.015294799452437502
-0.08612682808783312,-1.7103411782529179,0.015294799452437502
-0.08612682808783312,-1.7103411782529179,0.015294799452437502
-0.08612682808783312,-1.7103411782529179,0.015294799452437502
-0.09042795835329898,-0.3482113187242355,-0.045163247207820945
-0.09042795835329898,-0.3482113187242355,-0.045163247207820945
-0.09042795835329898,-0.3482113187242355,-0.045163247207820945
-0.09042795835329898,-0.3482113187242355,-0.045163247207820945
-0.09042795835329898,-0.3482113187242355,-0.045163247207820945
-0.09042795835329898,-0.3482113187242355,-0.045163247207820945
-0.003695909309868739,0.18616897675742905,-0.08541696441882252
-0.003695909309868739,0.18616897675742905,-0.08541696441882252
-0.003695909309868739,0.18616897675742905,-0.08541696441882252
-0.003695909309868739,0.18616897675742905,-0.08541696441882252
-0.003695909309868739,0.18616897675742905,-0.08541696441882252
-0.003695909309868739,0.18616897675742905,-0.08541696441882252
-0.04894922323861195,0.763979884842513,-0.08835134587786087
-0.04894922323861195,0.763979884842513,-0.08835134587786087
-0.04894922323861195,0.763979884842513,-0.08835134587786087
-0.04894922323861195,0.763979884842513,-0.08835134587786087
-0.04894922323861195,0.763979884842513,-0.08835134587786087
-0.04894922323861195,0.763979884842513,-0.08835134587786087
-0.05641667202090872,-0.12256983593750093,-0.04922102071668277
-0.05641667202090872,-0.12256983593750093,-0.04922102071668277
-0.05641667202090872,-0.12256983593750093,-0.04922102071668277
-0.05641667202090872,-0.12256983593750093,-0.04922102071668277
-0.05641667202090872,-0.12256983593750093,-0.04922102071668277
-0.05641667202090872,-0.12256983593750093,-0.04922102071668277
-0.09061011289970544,0.0582505520708132,-0.005022123654015331
-0.09061011289970544,0.0582505520708132,-0.005022123654015331
-0.09061011289970544,0.0582505520708132,-0.005022123654015331
-0.09061011289970544,0.0582505520708132,-0.005022123654015331
-0.09061011289970544,0.0582505520708132,-0.005022123654015331
-0.09061011289970544,0.0582505520708132,-0.005022123654015331
-0.10778508662104791,-0.20713197117416016,-0.028706803015655424
-0.10778508662104791,-0.20713197117416016,-0.028706803015655424
-0.10778508662104791,-0.20713197117416016,-0.028706803015655424
-0.10778508662104791,-0.20713197117416016,-0.028706803015655424
-0.10778508662104791,-0.20713197117416016,-0.028706803015655424
-0.10778508662104791,-0.20713197117416016,-0.028706803015655424
0.009191649464833418,0.9607897745103635,-0.08617308695770376
0.009191649464833418,0.9607897745103635,-0.08617308695770376
0.009191649464833418,0.9607897745103635,-0.08617308695770376
0.009191649464833418,0.9607897745103635,-0.08617308695770376
0.009191649464833418,0.9607897745103635,-0.08617308695770376
0.009191649464833418,0.9607897745103635,-0.08617308695770376
0.06871673834251268,0.20456573788037602,0.009551163898894544
0.06871673834251268,0.20456573788037602,0.009551163898894544
0.06871673834251268,0.20456573788037602,0.009551163898894544
0.06871673834251268,0.20456573788037602,0.009551163898894544
0.06871673834251268,0.20456573788037602,0.009551163898894544
0.06871673834251268,0.20456573788037602,0.009551163898894544
0.012674987039250851,0.5523383206533943,0.030719457743735745
0.012674987039250851,0.5523383206533943,0.030719457743735745
0.012674987039250851,0.5523383206533943,0.030719457743735745
0.012674987039250851,0.5523383206533943,0.030719457743735745
0.012674987039250851,0.5523383206533943,0.030719457743735745
0.012674987039250851,0.5523383206533943,0.030719457743735745
0.00383853513564425,-1.7208203662353867,0.026192410187633186
0.00383853513564425,-1.7208203662353867,0.026192410187633186
0.00383853513564425,-1.7208203662353867,0.026192410187633186
0.00383853513564425,-1.7208203662353867,0.026192410187633186
0.00383853513564425,-1.7208203662353867,0.026192410187633186
0.00383853513564425,-1.7208203662353867,0.026192410187633186
-0.02647151947539861,1.0558294133839219,-0.02841426877985853
-0.02647151947539861,1.0558294133839219,-0.02841426877985853
-0.02647151947539861,1.0558294133839219,-0.02841426877985853
-0.02647151947539861,1.0558294133839219,-0.02841426877985853
-0.02647151947539861,1.0558294133839219,-0.02841426877985853
-0.02647151947539861,1.0558294133839219,-0.02841426877985853
-0.002589170618058745,-0.7896156381552011,-0.04644057350481745
-0.002589170618058745,-0.7896156381552011,-0.04644057350481745
-0.002589170618058745,-0.7896156381552011,-0.04644057350481745
-0.002589170618058745,-0.7896156381552011,-0.04644057350481745
-0.002589170618058745,-0.7896156381552011,-0.04644057350481745
-0.002589170618058745,-0.7896156381552011,-0.04644057350481745
0.0392815771302466,-0.2101760743801151,-0.024935956600931064
0.0392815771302466,-0.2101760743801151,-0.024935956600931064
0.0392815771302466,-0.2101760743801151,-0.024935956600931064
0.0392815771302466,-0.2101760743801151,-0.024935956600931064
0.0392815771302466,-0.2101760743801151,-0.024935956600931064
0.0392815771302466,-0.2101760743801151,-0.024935956600931064
0.03628903932244576,1.1851942852304376,-0.037146400164004945
0.03628903932244576,1.1851942852304376,-0.037146400164004945
0.03628903932244576,1.1851942852304376,-0.037146400164004945
0.03628903932244576,1.1851942852304376,-0.037146400164004945
0.03628903932244576,1.1851942852304376,-0.037146400164004945
0.03628903932244576,1.1851942852304376,-0.037146400164004945
-0.0051278256451166015,-1.3918792688171138,-0.029177060282577827
-0.0051278256451166015,-1.3918792688171138,-0.029177060282577827
-0.0051278256451166015,-1.3918792688171138,-0.029177060282577827
-0.0051278256451166015,-1.3918792688171138,-0.029177060282577827
-0.0051278256451166015,-1.3918792688171138,-0.029177060282577827
-0.0051278256451166015,-1.3918792688171138,-0.029177060282577827
0.05840988275289938,-0.2541663977477491,-0.02070594751852184
0.05840988275289938,-0.2541663977477491,-0.02070594751852184
0.05840988275289938,-0.2541663977477491,-0.02070594751852184
0.05840988275289938,-0.2541663977477491,-0.02070594751852184
0.05840988275289938,-0.2541663977477491,-0.02070594751852184
0.05840988275289938,-0.2541663977477491,-0.02070594751852184
0.020348973157787498,-1.0943137208349398,0.13082565439555083
0.020348973157787498,-1.0943137208349398,0.13082565439555083
0.020348973157787498,-1.0943137208349398,0.13082565439555083
0.020348973157787498,-1.0943137208349398,0.13082565439555083
0.020348973157787498,-1.0943137208349398,0.13082565439555083
0.020348973157787498,-1.0943137208349398,0.13082565439555083
0.03792754125576714,1.0840922046387895,0.007003058284613672
0.03792754125576714,1.0840922046387895,0.007003058284613672
0.03792754125576714,1.0840922046387895,0.007003058284613672
0.03792754125576714,1.0840922046387895,0.007003058284613672
0.03792754125576714,1.0840922046387895,0.007003058284613672
0.03792754125576714,1.0840922046387895,0.007003058284613672
0.12713046608483047,-1.8592281146406116,-0.03835614154132472
0.12713046608483047,-1.8592281146406116,-0.03835614154132472
0.12713046608483047,-1.8592281146406116,-0.03835614154132472
0.12713046608483047,-1.8592281146406116,-0.03835614154132472
0.12713046608483047,-1.8592281146406116,-0.03835614154132472
0.12713046608483047,-1.8592281146406116,-0.03835614154132472
-0.084523998946338,2.7753224783038313,0.0771843483782284
-0.084523998946338,2.7753224783038313,0.0771843483782284
-0.084523998946338,2.7753224783038313,0.0771843483782284
-0.084523998946338,2.7753224783038313,0.0771843483782284
-0.084523998946338,2.7753224783038313,0.0771843483782284
-0.084523998946338,2.7753224783038313,0.0771843483782284
-0.03746264986614989,-0.6165375822815662,-0.012194687735028964
-0.03746264986614989,-0.6165375822815662,-0.012194687735028964
-0.03746264986614989,-0.6165375822815662,-0.012194687735028964
-0.03746264986614989,-0.6165375822815662,-0.012194687735028964
-0.03746264986614989,-0.6165375822815662,-0.012194687735028964
-0.03746264986614989,-0.6165375822815662,-0.012194687735028964
-0.07116715123682305,-0.7142248477434308,0.04287406918702885
-0.07116715123682305,-0.7142248477434308,0.04287406918702885
-0.07116715123682305,-0.7142248477434308,0.04287406918702885
-0.07116715123682305,-0.7142248477434308,0.04287406918702885
-0.07116715123682305,-0.7142248477434308,0.04287406918702885
-0.07116715123682305,-0.7142248477434308,0.04287406918702885
0.06713944838973696,0.17730183740216532,0.041541823867195404
0.06713944838973696,0.17730183740216532,0.041541823867195404
0.06713944838973696,0.17730183740216532,0.041541823867195404
0.06713944838973696,0.17730183740216532,0.041541823867195404
0.06713944838973696,0.17730183740216532,0.041541823867195404
0.06713944838973696,0.17730183740216532,0.041541823867195404
-0.008093393207490251,-0.4214755687752785,0.103489889422125
-0.008093393207490251,-0.4214755687752785,0.103489889422125
-0.008093393207490251,-0.4214755687752785,0.103489889422125
-0.008093393207490251,-0.4214755687752785,0.103489889422125
-0.008093393207490251,-0.4214755687752785,0.103489889422125
-0.008093393207490251,-0.4214755687752785,0.103489889422125
0.07543759082452262,0.9220407813251938,0.016357325652755605
0.07543759082452262,0.9220407813251938,0.016357325652755605
0.07543759082452262,0.9220407813251938,0.016357325652755605
0.07543759082452262,0.9220407813251938,0.016357325652755605
0.07543759082452262,0.9220407813251938,0.016357325652755605
0.07543759082452262,0.9220407813251938,0.016357325652755605
-0.0013687062838361186,-1.055744313450024,-0.05863270070335247
-0.0013687062838361186,-1.055744313450024,-0.05863270070335247
-0.0013687062838361186,-1.055744313450024,-0.05863270070335247
-0.0013687062838361186,-1.055744313450024,-0.05863270070335247
-0.0013687062838361186,-1.055744313450024,-0.05863270070335247
-0.0013687062838361186,-1.055744313450024,-0.05863270070335247
0.007514140684728332,0.8763340281688912,0.013962500654624677
0.007514140684728332,0.8763340281688912,0.013962500654624677
0.007514140684728332,0.8763340281688912,0.013962500654624677
0.007514140684728332,0.8763340281688912,0.013962500654624677
0.007514140684728332,0.8763340281688912,0.013962500654624677
0.007514140684728332,0.8763340281688912,0.013962500654624677
0.07302300487933167,-0.11982566838440789,-0.03427416346496415
0.07302300487933167,-0.11982566838440789,-0.03427416346496415
0.07302300487933167,-0.11982566838440789,-0.03427416346496415
0.07302300487933167,-0.11982566838440789,-0.03427416346496415
0.07302300487933167,-0.11982566838440789,-0.03427416346496415
0.07302300487933167,-0.11982566838440789,-0.03427416346496415
0.0431600091469857,0.8023663385687065,0.07490193204879603
0.0431600091469857,0.8023663385687065,0.07490193204879603
0.0431600091469857,0.8023663385687065,0.07490193204879603
0.0431600091469857,0.8023663385687065,0.07490193204879603
0.0431600091469857,0.8023663385687065,0.07490193204879603
0.0431600091469857,0.8023663385687065,0.07490193204879603
-0.019617128487730895,0.30256420777314474,-0.06320997104402082
-0.019617128487730895,0.30256420777314474,-0.06320997104402082
-0.019617128487730895,0.30256420777314474,-0.06320997104402082
-0.019617128487730895,0.30256420777314474,-0.06320997104402082
-0.019617128487730895,0.30256420777314474,-0.06320997104402082
-0.019617128487730895,0.30256420777314474,-0.06320997104402082
0.011166574715703703,-1.5195094964433515,0.047418331359573074
0.011166574715703703,-1.5195094964433515,0.047418331359573074
0.011166574715703703,-1.5195094964433515,0.047418331359573074
0.011166574715703703,-1.5195094964433515,0.047418331359573074
0.011166574715703703,-1.5195094964433515,0.047418331359573074
0.011166574715703703,-1.5195094964433515,0.047418331359573074
0.0022968640910097093,0.7474731292685703,-0.02865505465643281
0.0022968640910097093,0.7474731292685703,-0.02865505465643281
0.0022968640910097093,0.7474731292685703,-0.02865505465643281
0.0022968640910097093,0.7474731292685703,-0.02865505465643281
0.0022968640910097093,0.7474731292685703,-0.02865505465643281
0.0022968640910097093,0.7474731292685703,-0.02865505465643281
-0.028128418390343413,-0.5897382513911218,-0.07481001129212572
-0.028128418390343413,-0.5897382513911218,-0.07481001129212572
-0.028128418390343413,-0.5897382513911218,-0.07481001129212572
-0.028128418390343413,-0.5897382513911218,-0.07481001129212572
-0.028128418390343413,-0.5897382513911218,-0.07481001129212572
-0.028128418390343413,-0.5897382513911218,-0.07481001129212572
-0.03368045627154892,-0.1506465967974684,-0.07848169367430557
-0.03368045627154892,-0.1506465967974684,-0.07848169367430557
-0.03368045627154892,-0.1506465967974684,-0.07848169367430557
-0.03368045627154892,-0.1506465967974684,-0.07848169367430557
-0.03368045627154892,-0.1506465967974684,-0.07848169367430557
-0.03368045627154892,-0.1506465967974684,-0.07848169367430557
0.0579652012934293,0.2785004962460995,-0.015236669688967197
0.0579652012934293,0.2785004962460995,-0.015236669688967197
0.0579652012934293,0.2785004962460995,-0.015236669688967197
0.0579652012934293,0.2785004962460995,-0.015236669688967197
0.0579652012934293,0.2785004962460995,-0.015236669688967197
0.0579652012934293,0.2785004962460995,-0.015236669688967197
-0.024437499408907826,0.3547674329722277,0.04233087121783896
-0.024437499408907826,0.3547674329722277,0.04233087121783896
-0.024437499408907826,0.3547674329722277,0.04233087121783896
-0.024437499408907826,0.3547674329722277,0.04233087121783896
-0.024437499408907826,0.3547674329722277,0.04233087121783896
-0.024437499408907826,0.3547674329722277,0.04233087121783896
0.008971574652232306,0.350943509913872,-0.0008301574100606501
0.008971574652232306,0.350943509913872,-0.0008301574100606501
0.008971574652232306,0.350943509913872,-0.0008301574100606501
0.008971574652232306,0.350943509913872,-0.0008301574100606501
0.008971574652232306,0.350943509913872,-0.0008301574100606501
0.008971574652232306,0.350943509913872,-0.0008301574100606501
-0.013611494996210283,-0.5605650990776887,-0.030159054799995033
-0.013611494996210283,-0.5605650990776887,-0.030159054799995033
-0.013611494996210283,-0.5605650990776887,-0.030159054799995033
-0.013611494996210283,-0.5605650990776887,-0.030159054799995033
-0.013611494996210283,-0.5605650990776887,-0.030159054799995033
-0.013611494996210283,-0.5605650990776887,-0.030159054799995033
-0.04269186684328119,0.06718466935334888,0.006850158859283084
-0.04269186684328119,0.06718466935334888,0.006850158859283084
-0.04269186684328119,0.06718466935334888,0.006850158859283084
-0.04269186684328119,0.06718466935334888,0.006850158859283084
-0.04269186684328119,0.06718466935334888,0.006850158859283084
-0.04269186684328119,0.06718466935334888,0.006850158859283084
-0.01019237457949096,0.7146139251336088,0.015495610209839583
-0.01019237457949096,0.7146139251336088,0.015495610209839583
-0.01019237457949096,0.7146139251336088,0.015495610209839583
-0.01019237457949096,0.7146139251336088,0.015495610209839583
-0.01019237457949096,0.7146139251336088,0.015495610209839583
-0.01019237457949096,0.7146139251336088,0.015495610209839583
-0.023759024329532252,-0.3195152627155089,0.011442114133746628
-0.023759024329532252,-0.3195152627155089,0.011442114133746628
-0.023759024329532252,-0.3195152627155089,0.011442114133746628
-0.023759024329532252,-0.3195152627155089,0.011442114133746628
-0.023759024329532252,-0.3195152627155089,0.011442114133746628
-0.023759024329532252,-0.3195152627155089,0.011442114133746628
0.011095860052000361,0.2715931426480438,0.09746646975631279
0.011095860052000361,0.2715931426480438,0.09746646975631279
0.011095860052000361,0.2715931426480438,0.09746646975631279
0.011095860052000361,0.2715931426480438,0.09746646975631279
0.011095860052000361,0.2715931426480438,0.09746646975631279
0.011095860052000361,0.2715931426480438,0.09746646975631279
0.018981761694936594,-1.7097468167993028,0.020163000117840113
0.018981761694936594,-1.7097468167993028,0.020163000117840113
0.018981761694936594,-1.7097468167993028,0.020163000117840113
0.018981761694936594,-1.7097468167993028,0.020163000117840113
0.018981761694936594,-1.7097468167993028,0.020163000117840113
0.018981761694936594,-1.7097468167993028,0.020163000117840113
-0.01037034453229424,0.08026495322087257,-0.013107491268236515
-0.01037034453229424,0.08026495322087257,-0.013107491268236515
-0.01037034453229424,0.08026495322087257,-0.013107491268236515
-0.01037034453229424,0.08026495322087257,-0.013107491268236515
-0.01037034453229424,0.08026495322087257,-0.013107491268236515
-0.01037034453229424,0.08026495322087257,-0.013107491268236515
-0.026786464417421385,-0.47885185683164266,-0.03718906548226286
-0.026786464417421385,-0.47885185683164266,-0.03718906548226286
-0.026786464417421385,-0.47885185683164266,-0.03718906548226286
-0.026786464417421385,-0.47885185683164266,-0.03718906548226286
-0.026786464417421385,-0.47885185683164266,-0.03718906548226286
-0.026786464417421385,-0.47885185683164266,-0.03718906548226286
-0.029049779146523846,0.9891993883036996,-0.09208126758257507
-0.029049779146523846,0.9891993883036996,-0.09208126758257507
-0.029049779146523846,0.9891993883036996,-0.09208126758257507
-0.029049779146523846,0.9891993883036996,-0.09208126758257507
-0.029049779146523846,0.9891993883036996,-0.09208126758257507
-0.029049779146523846,0.9891993883036996,-0.09208126758257507
-0.049549273087380996,0.4119204858388592,-0.04827161244671174
-0.049549273087380996,0.4119204858388592,-0.04827161244671174
-0.049549273087380996,0.4119204858388592,-0.04827161244671174
-0.049549273087380996,0.4119204858388592,-0.04827161244671174
-0.049549273087380996,0.4119204858388592,-0.04827161244671174
-0.049549273087380996,0.4119204858388592,-0.04827161244671174
-0.030702019003857828,0.6360417516235444,-0.03711820409565192
-0.030702019003857828,0.6360417516235444,-0.03711820409565192
-0.030702019003857828,0.6360417516235444,-0.03711820409565192
-0.030702019003857828,0.6360417516235444,-0.03711820409565192
-0.030702019003857828,0.6360417516235444,-0.03711820409565192
-0.030702019003857828,0.6360417516235444,-0.03711820409565192
-0.0160247500289028,-0.4316958943717246,1.1754265681212601
-0.0160247500289028,-0.4316958943717246,1.1754265681212601
-0.0160247500289028,-0.4316958943717246,1.1754265681212601
-0.0160247500289028,-0.4316958943717246,1.1754265681212601
-0.0160247500289028,-0.4316958943717246,1.1754265681212601
-0.0160247500289028,-0.4316958943717246,1.1754265681212601
0.042180188437329846,-0.7526355238148312,0.40108348388320536
0.042180188437329846,-0.7526355238148312,0.40108348388320536
0.042180188437329846,-0.7526355238148312,0.40108348388320536
0.042180188437329846,-0.7526355238148312,0.40108348388320536
0.042180188437329846,-0.7526355238148312,0.40108348388320536
0.042180188437329846,-0.7526355238148312,0.40108348388320536
0.04532501904955666,0.4563108953662791,0.14796025482312913
0.04532501904955666,0.4563108953662791,0.14796025482312913
0.04532501904955666,0.4563108953662791,0.14796025482312913
0.04532501904955666,0.4563108953662791,0.14796025482312913
0.04532501904955666,0.4563108953662791,0.14796025482312913
0.04532501904955666,0.4563108953662791,0.14796025482312913
0.04460684863008524,-2.039114365733578,0.08681769353726665
0.04460684863008524,-2.039114365733578,0.08681769353726665
0.04460684863008524,-2.039114365733578,0.08681769353726665
0.04460684863008524,-2.039114365733578,0.08681769353726665
0.04460684863008524,-2.039114365733578,0.08681769353726665
0.04460684863008524,-2.039114365733578,0.08681769353726665
0.055667295055673804,0.20461739777972454,0.07536726685594886
0.055667295055673804,0.20461739777972454,0.07536726685594886
0.055667295055673804,0.20461739777972454,0.07536726685594886
0.055667295055673804,0.20461739777972454,0.07536726685594886
0.055667295055673804,0.20461739777972454,0.07536726685594886
0.055667295055673804,0.20461739777972454,0.07536726685594886
0.06757394566498931,0.10503117855676436,-0.02704748475098384
0.06757394566498931,0.10503117855676436,-0.02704748475098384
0.06757394566498931,0.10503117855676436,-0.02704748475098384
0.06757394566498931,0.10503117855676436,-0.02704748475098384
0.06757394566498931,0.10503117855676436,-0.02704748475098384
0.06757394566498931,0.10503117855676436,-0.02704748475098384
-0.049146017116942886,1.301967074617128,0.05676085742506842
-0.049146017116942886,1.301967074617128,0.05676085742506842
-0.049146017116942886,1.301967074617128,0.05676085742506842
-0.049146017116942886,1.301967074617128,0.05676085742506842
-0.049146017116942886,1.301967074617128,0.05676085742506842
-0.049146017116942886,1.301967074617128,0.05676085742506842
0.03130309741824355,-2.1796344717410356,0.024860507684376643
0.03130309741824355,-2.1796344717410356,0.024860507684376643
0.03130309741824355,-2.1796344717410356,0.024860507684376643
0.03130309741824355,-2.1796344717410356,0.024860507684376643
0.03130309741824355,-2.1796344717410356,0.024860507684376643
0.03130309741824355,-2.1796344717410356,0.024860507684376643
0.05796655953625596,-1.154134040219752,-0.00939929827436714
0.05796655953625596,-1.154134040219752,-0.00939929827436714
0.05796655953625596,-1.154134040219752,-0.00939929827436714
0.05796655953625596,-1.154134040219752,-0.00939929827436714
0.05796655953625596,-1.154134040219752,-0.00939929827436714
0.05796655953625596,-1.154134040219752,-0.00939929827436714
-0.028295314582640785,1.49607753450195,-0.05122216901294152
-0.028295314582640785,1.49607753450195,-0.05122216901294152
-0.028295314582640785,1.49607753450195,-0.05122216901294152
-0.028295314582640785,1.49607753450195,-0.05122216901294152
-0.028295314582640785,1.49607753450195,-0.05122216901294152
-0.028295314582640785,1.49607753450195,-0.05122216901294152
0.03130653831406427,-1.029061381228992,-0.012602048272700728
0.03130653831406427,-1.029061381228992,-0.012602048272700728
0.03130653831406427,-1.029061381228992,-0.012602048272700728
0.03130653831406427,-1.029061381228992,-0.012602048272700728
0.03130653831406427,-1.029061381228992,-0.012602048272700728
0.03130653831406427,-1.029061381228992,-0.012602048272700728
-0.07076920976160928,-1.0817637503490296,-0.0141277945514382
-0.07076920976160928,-1.0817637503490296,-0.0141277945514382
-0.07076920976160928,-1.0817637503490296,-0.0141277945514382
-0.07076920976160928,-1.0817637503490296,-0.0141277945514382
-0.07076920976160928,-1.0817637503490296,-0.0141277945514382
-0.07076920976160928,-1.0817637503490296,-0.0141277945514382
-0.009245489700429488,1.8630313403123218,-0.0003586156623462955
-0.009245489700429488,1.8630313403123218,-0.0003586156623462955
-0.009245489700429488,1.8630313403123218,-0.0003586156623462955
-0.009245489700429488,1.8630313403123218,-0.0003586156623462955
-0.009245489700429488,1.8630313403123218,-0.0003586156623462955
-0.009245489700429488,1.8630313403123218,-0.0003586156623462955
0.005085491204615877,-2.875847242074503,-0.004033913205837791
0.005085491204615877,-2.875847242074503,-0.004033913205837791
0.005085491204615877,-2.875847242074503,-0.004033913205837791
0.005085491204615877,-2.875847242074503,-0.004033913205837791
0.005085491204615877,-2.875847242074503,-0.004033913205837791
0.005085491204615877,-2.875847242074503,-0.004033913205837791
-0.04745279563908156,3.5,-0.014876228563025506
-0.04745279563908156,3.5,-0.014876228563025506
-0.04745279563908156,3.5,-0.014876228563025506
-0.04745279563908156,3.5,-0.014876228563025506
-0.04745279563908156,3.5,-0.014876228563025506
-0.04745279563908156,3.5,-0.014876228563025506
-0.041065014504052755,-0.42167768539896144,0.0464957779430577
-0.041065014504052755,-0.42167768539896144,0.0464957779430577
-0.041065014504052755,-0.42167768539896144,0.0464957779430577
-0.041065014504052755,-0.42167768539896144,0.0464957779430577
-0.041065014504052755,-0.42167768539896144,0.0464957779430577
-0.041065014504052755,-0.42167768539896144,0.0464957779430577
0.020781536693615266,-0.14910132579212387,0.07604787186361506
0.020781536693615266,-0.14910132579212387,0.07604787186361506
0.020781536693615266,-0.14910132579212387,0.07604787186361506
0.020781536693615266,-0.14910132579212387,0.07604787186361506
0.020781536693615266,-0.14910132579212387,0.07604787186361506
0.020781536693615266,-0.14910132579212387,0.07604787186361506
0.061212258183548585,-0.15586428570290778,0.07730335811504219
0.061212258183548585,-0.15586428570290778,0.07730335811504219
0.061212258183548585,-0.15586428570290778,0.07730335811504219
0.061212258183548585,-0.15586428570290778,0.07730335811504219
0.061212258183548585,-0.15586428570290778,0.07730335811504219
0.061212258183548585,-0.15586428570290778,0.07730335811504219
0.09189498537437402,0.794964806713093,0.02506537029246303
0.09189498537437402,0.794964806713093,0.02506537029246303
0.09189498537437402,0.794964806713093,0.02506537029246303
0.09189498537437402,0.794964806713093,0.02506537029246303
0.09189498537437402,0.794964806713093,0.02506537029246303
0.09189498537437402,0.794964806713093,0.02506537029246303
0.07858608569944536,-1.6280758992280724,0.043975817485595314
0.07858608569944536,-1.6280758992280724,0.043975817485595314
0.07858608569944536,-1.6280758992280724,0.043975817485595314
0.07858608569944536,-1.6280758992280724,0.043975817485595314
0.07858608569944536,-1.6280758992280724,0.043975817485595314
0.07858608569944536,-1.6280758992280724,0.043975817485595314
0.012205587364590542,1.6415269663032284,0.06500507493516494
0.012205587364590542,1.6415269663032284,0.06500507493516494
0.012205587364590542,1.6415269663032284,0.06500507493516494
0.012205587364590542,1.6415269663032284,0.06500507493516494
0.012205587364590542,1.6415269663032284,0.06500507493516494
0.012205587364590542,1.6415269663032284,0.06500507493516494
-0.009712861174319798,-1.397367165443793,0.08048201365496155
-0.009712861174319798,-1.397367165443793,0.08048201365496155
-0.009712861174319798,-1.397367165443793,0.08048201365496155
-0.009712861174319798,-1.397367165443793,0.08048201365496155
-0.009712861174319798,-1.397367165443793,0.08048201365496155
-0.009712861174319798,-1.397367165443793,0.08048201365496155
0.02452245680864351,0.9714985794139608,0.04476568930516933
0.02452245680864351,0.9714985794139608,0.04476568930516933
0.02452245680864351,0.9714985794139608,0.04476568930516933
0.02452245680864351,0.9714985794139608,0.04476568930516933
0.02452245680864351,0.9714985794139608,0.04476568930516933
0.02452245680864351,0.9714985794139608,0.04476568930516933
-0.007459127459735981,-2.3549701246576973,0.05881143098159214
-0.007459127459735981,-2.3549701246576973,0.05881143098159214
-0.007459127459735981,-2.3549701246576973,0.05881143098159214
-0.007459127459735981,-2.3549701246576973,0.05881143098159214
-0.007459127459735981,-2.3549701246576973,0.05881143098159214
-0.007459127459735981,-2.3549701246576973,0.05881143098159214
-0.03150947246429325,2.083199405180455,0.04302987022872529
-0.03150947246429325,2.083199405180455,0.04302987022872529
-0.03150947246429325,2.083199405180455,0.04302987022872529
-0.03150947246429325,2.083199405180455,0.04302987022872529
-0.03150947246429325,2.083199405180455,0.04302987022872529
-0.03150947246429325,2.083199405180455,0.04302987022872529
-0.024373058125471303,-2.6360576461467566,-0.0365311780979809
-0.024373058125471303,-2.6360576461467566,-0.0365311780979809
-0.024373058125471303,-2.6360576461467566,-0.0365311780979809
-0.024373058125471303,-2.6360576461467566,-0.0365311780979809
-0.024373058125471303,-2.6360576461467566,-0.0365311780979809
-0.024373058125471303,-2.6360576461467566,-0.0365311780979809
0.07879893668382998,2.35864043514826,-0.09950299527791273
0.07879893668382998,2.35864043514826,-0.09950299527791273
0.07879893668382998,2.35864043514826,-0.09950299527791273
0.07879893668382998,2.35864043514826,-0.09950299527791273
0.07879893668382998,2.35864043514826,-0.09950299527791273
0.07879893668382998,2.35864043514826,-0.09950299527791273
0.005360031907279961,-0.7445437899723224,-0.05678891608389591
0.005360031907279961,-0.7445437899723224,-0.05678891608389591
0.005360031907279961,-0.7445437899723224,-0.05678891608389591
0.005360031907279961,-0.7445437899723224,-0.05678891608389591
0.005360031907279961,-0.7445437899723224,-0.05678891608389591
0.005360031907279961,-0.7445437899723224,-0.05678891608389591
0.017192050545416393,-0.5550431268666678,0.0463052609921526
0.017192050545416393,-0.5550431268666678,0.0463052609921526
0.017192050545416393,-0.5550431268666678,0.0463052609921526
0.017192050545416393,-0.5550431268666678,0.0463052609921526
0.017192050545416393,-0.5550431268666678,0.0463052609921526
0.017192050545416393,-0.5550431268666678,0.0463052609921526
0.05937837635068455,0.5830983592933521,-0.015483993180417599
0.05937837635068455,0.5830983592933521,-0.015483993180417599
0.05937837635068455,0.5830983592933521,-0.015483993180417599
0.05937837635068455,0.5830983592933521,-0.015483993180417599
0.05937837635068455,0.5830983592933521,-0.015483993180417599
0.05937837635068455,0.5830983592933521,-0.015483993180417599
0.0515277326412793,0.3926527130116497,0.06970611763715695
0.0515277326412793,0.3926527130116497,0.06970611763715695
0.0515277326412793,0.3926527130116497,0.06970611763715695
0.0515277326412793,0.3926527130116497,0.06970611763715695
0.0515277326412793,0.3926527130116497,0.06970611763715695
0.0515277326412793,0.3926527130116497,0.06970611763715695
-0.011066528954675192,-0.3671216705160134,-0.019134386109488588
-0.011066528954675192,-0.3671216705160134,-0.019134386109488588
-0.011066528954675192,-0.3671216705160134,-0.019134386109488588
-0.011066528954675192,-0.3671216705160134,-0.019134386109488588
-0.011066528954675192,-0.3671216705160134,-0.019134386109488588
-0.011066528954675192,-0.3671216705160134,-0.019134386109488588
0.09586685278918594,0.45844726342402,0.03278834841313838
0.09586685278918594,0.45844726342402,0.03278834841313838
0.09586685278918594,0.45844726342402,0.03278834841313838
0.09586685278918594,0.45844726342402,0.03278834841313838
0.09586685278918594,0.45844726342402,0.03278834841313838
0.09586685278918594,0.45844726342402,0.03278834841313838
0.11000606330447127,0.17842985256281807,-0.05704402661656971
0.11000606330447127,0.17842985256281807,-0.05704402661656971
0.11000606330447127,0.17842985256281807,-0.05704402661656971
0.11000606330447127,0.17842985256281807,-0.05704402661656971
0.11000606330447127,0.17842985256281807,-0.05704402661656971
0.11000606330447127,0.17842985256281807,-0.05704402661656971
0.08760174617652439,-0.6011234122403799,0.014576501930704922
0.08760174617652439,-0.6011234122403799,0.014576501930704922
0.08760174617652439,-0.6011234122403799,0.014576501930704922
0.08760174617652439,-0.6011234122403799,0.014576501930704922
0.08760174617652439,-0.6011234122403799,0.014576501930704922
0.08760174617652439,-0.6011234122403799,0.014576501930704922
-0.04384457953017673,0.8629445249288388,-0.030768212486574242
-0.04384457953017673,0.8629445249288388,-0.030768212486574242
-0.04384457953017673,0.8629445249288388,-0.030768212486574242
-0.04384457953017673,0.8629445249288388,-0.030768212486574242
-0.04384457953017673,0.8629445249288388,-0.030768212486574242
-0.04384457953017673,0.8629445249288388,-0.030768212486574242
-0.06378821405839297,-2.2675708193402997,-0.05587994415054354
-0.06378821405839297,-2.2675708193402997,-0.05587994415054354
-0.06378821405839297,-2.2675708193402997,-0.05587994415054354
-0.06378821405839297,-2.2675708193402997,-0.05587994415054354
-0.06378821405839297,-2.2675708193402997,-0.05587994415054354
-0.06378821405839297,-2.2675708193402997,-0.05587994415054354
-0.07129601528674456,3.362664544075006,-0.06577698016753786
-0.07129601528674456,3.362664544075006,-0.06577698016753786
-0.07129601528674456,3.362664544075006,-0.06577698016753786
-0.07129601528674456,3.362664544075006,-0.06577698016753786
-0.07129601528674456,3.362664544075006,-0.06577698016753786
-0.07129601528674456,3.362664544075006,-0.06577698016753786
-0.08683046702707564,0.6322332364041223,-0.009311634718127237
-0.08683046702707564,0.6322332364041223,-0.009311634718127237
-0.08683046702707564,0.6322332364041223,-0.009311634718127237
-0.08683046702707564,0.6322332364041223,-0.009311634718127237
-0.08683046702707564,0.6322332364041223,-0.009311634718127237
-0.08683046702707564,0.6322332364041223,-0.009311634718127237
-0.041410837528605526,-0.3068843081388444,-0.04860145300663632
-0.041410837528605526,-0.3068843081388444,-0.04860145300663632
-0.041410837528605526,-0.3068843081388444,-0.04860145300663632
-0.041410837528605526,-0.3068843081388444,-0.04860145300663632
-0.041410837528605526,-0.3068843081388444,-0.04860145300663632
-0.041410837528605526,-0.3068843081388444,-0.04860145300663632
-0.10745912863088947,-1.3314865273858985,-0.10423949199850924
-0.10745912863088947,-1.3314865273858985,-0.10423949199850924
-0.10745912863088947,-1.3314865273858985,-0.10423949199850924
-0.10745912863088947,-1.3314865273858985,-0.10423949199850924
-0.10745912863088947,-1.3314865273858985,-0.10423949199850924
-0.10745912863088947,-1.3314865273858985,-0.10423949199850924
-0.15177179795074736,0.8110129589661383,-0.008754756268672281
-0.15177179795074736,0.8110129589661383,-0.008754756268672281
-0.15177179795074736,0.8110129589661383,-0.008754756268672281
-0.15177179795074736,0.8110129589661383,-0.008754756268672281
-0.15177179795074736,0.8110129589661383,-0.008754756268672281
-0.15177179795074736,0.8110129589661383,-0.008754756268672281
0.06595096045661109,-0.3999158205046207,0.05928610682120805
0.06595096045661109,-0.3999158205046207,0.05928610682120805
0.06595096045661109,-0.3999158205046207,0.05928610682120805
0.06595096045661109,-0.3999158205046207,0.05928610682120805
0.06595096045661109,-0.3999158205046207,0.05928610682120805
0.06595096045661109,-0.3999158205046207,0.05928610682120805
0.07821611766468983,-0.39920391010352674,0.04244615067813484
0.07821611766468983,-0.39920391010352674,0.04244615067813484
0.07821611766468983,-0.39920391010352674,0.04244615067813484
0.07821611766468983,-0.39920391010352674,0.04244615067813484
0.07821611766468983,-0.39920391010352674,0.04244615067813484
0.07821611766468983,-0.39920391010352674,0.04244615067813484
0.11181638738681698,0.767361668768519,-0.0588808534646148
0.11181638738681698,0.767361668768519,-0.0588808534646148
0.11181638738681698,0.767361668768519,-0.0588808534646148
0.11181638738681698,0.767361668768519,-0.0588808534646148
0.11181638738681698,0.767361668768519,-0.0588808534646148
0.11181638738681698,0.767361668768519,-0.0588808534646148
0.04491695572879628,-1.5883893525490969,-0.10974441847755045
0.04491695572879628,-1.5883893525490969,-0.10974441847755045
0.04491695572879628,-1.5883893525490969,-0.10974441847755045
0.04491695572879628,-1.5883893525490969,-0.10974441847755045
0.04491695572879628,-1.5883893525490969,-0.10974441847755045
0.04491695572879628,-1.5883893525490969,-0.10974441847755045
0.030232537379664137,0.9668581034122674,-6.56
0.030232537379664137,0.9668581034122674,-6.56
0.030232537379664137,0.9668581034122674,-6.56
0.030232537379664137,0.9668581034122674,-6.56
0.030232537379664137,0.9668581034122674,-6.56
0.030232537379664137,0.9668581034122674,-6.56
0.02217221326487895,-0.2571268355313947,-6.56
0.02217221326487895,-0.2571268355313947,-6.56
0.02217221326487895,-0.2571268355313947,-6.56
0.02217221326487895,-0.2571268355313947,-6.56
0.02217221326487895,-0.2571268355313947,-6.56
0.02217221326487895,-0.2571268355313947,-6.56
-0.021969095788067605,-1.2174988686524308,-6.56
-0.021969095788067605,-1.2174988686524308,-6.56
-0.021969095788067605,-1.2174988686524308,-6.56
-0.021969095788067605,-1.2174988686524308,-6.56
-0.021969095788067605,-1.2174988686524308,-6.56
-0.021969095788067605,-1.2174988686524308,-6.56
-0.03712492214960328,1.3612879877251487,-6.56
-0.03712492214960328,1.3612879877251487,-6.56
-0.03712492214960328,1.3612879877251487,-6.56
-0.03712492214960328,1.3612879877251487,-6.56
-0.03712492214960328,1.3612879877251487,-6.56
-0.03712492214960328,1.3612879877251487,-6.56
0.034220846220875956,-1.9885617233384671,-6.56
0.034220846220875956,-1.9885617233384671,-6.56
0.034220846220875956,-1.9885617233384671,-6.56
0.034220846220875956,-1.9885617233384671,-6.56
0.034220846220875956,-1.9885617233384671,-6.56
0.034220846220875956,-1.9885617233384671,-6.56
-0.0030372936004052775,2.8563188946816673,-3.157251988554818
-0.0030372936004052775,2.8563188946816673,-3.157251988554818
-0.0030372936004052775,2.8563188946816673,-3.157251988554818
-0.0030372936004052775,2.8563188946816673,-3.157251988554818
-0.0030372936004052775,2.8563188946816673,-3.157251988554818
-0.0030372936004052775,2.8563188946816673,-3.157251988554818
0.06513706901048089,-2.2665752401121466,-1.3453771309082532
0.06513706901048089,-2.2665752401121466,-1.3453771309082532
0.06513706901048089,-2.2665752401121466,-1.3453771309082532
0.06513706901048089,-2.2665752401121466,-1.3453771309082532
0.06513706901048089,-2.2665752401121466,-1.3453771309082532
0.06513706901048089,-2.2665752401121466,-1.3453771309082532
0.06173923583426344,0.540392718207702,-0.4831655064584277
0.06173923583426344,0.540392718207702,-0.4831655064584277
0.06173923583426344,0.540392718207702,-0.4831655064584277
0.06173923583426344,0.540392718207702,-0.4831655064584277
0.06173923583426344,0.540392718207702,-0.4831655064584277
0.06173923583426344,0.540392718207702,-0.4831655064584277
0.013888759847136,-0.2614350103949903,-0.06863093542774124
0.013888759847136,-0.2614350103949903,-0.06863093542774124
0.013888759847136,-0.2614350103949903,-0.06863093542774124
0.013888759847136,-0.2614350103949903,-0.06863093542774124
0.013888759847136,-0.2614350103949903,-0.06863093542774124
0.013888759847136,-0.2614350103949903,-0.06863093542774124
-0.00044261134626566445,0.09644029955411426,-0.02259339429430174
-0.00044261134626566445,0.09644029955411426,-0.02259339429430174
-0.00044261134626566445,0.09644029955411426,-0.02259339429430174
-0.00044261134626566445,0.09644029955411426,-0.02259339429430174
-0.00044261134626566445,0.09644029955411426,-0.02259339429430174
-0.00044261134626566445,0.09644029955411426,-0.02259339429430174
-0.004765304627323275,0.25657073443511536,0.0717851311323221
-0.004765304627323275,0.25657073443511536,0.0717851311323221
-0.004765304627323275,0.25657073443511536,0.0717851311323221
-0.004765304627323275,0.25657073443511536,0.0717851311323221
-0.004765304627323275,0.25657073443511536,0.0717851311323221
-0.004765304627323275,0.25657073443511536,0.0717851311323221
-0.034061145900645684,0.030047198135839892,0.15305381037026855
-0.034061145900645684,0.030047198135839892,0.15305381037026855
-0.034061145900645684,0.030047198135839892,0.15305381037026855
-0.034061145900645684,0.030047198135839892,0.15305381037026855
-0.034061145900645684,0.030047198135839892,0.15305381037026855
-0.034061145900645684,0.030047198135839892,0.15305381037026855
0.01276857004187093,0.10234166612067241,0.13883461304938916
0.01276857004187093,0.10234166612067241,0.13883461304938916
0.01276857004187093,0.10234166612067241,0.13883461304938916
0.01276857004187093,0.10234166612067241,0.13883461304938916
0.01276857004187093,0.10234166612067241,0.13883461304938916
0.01276857004187093,0.10234166612067241,0.13883461304938916
0.06582596865711032,-0.3673964358387458,0.03670852377613443
0.06582596865711032,-0.3673964358387458,0.03670852377613443
0.06582596865711032,-0.3673964358387458,0.03670852377613443
0.06582596865711032,-0.3673964358387458,0.03670852377613443
0.06582596865711032,-0.3673964358387458,0.03670852377613443
0.06582596865711032,-0.3673964358387458,0.03670852377613443
0.11726414157369369,-0.619768376518067,-0.0649025747515557
0.11726414157369369,-0.619768376518067,-0.0649025747515557
0.11726414157369369,-0.619768376518067,-0.0649025747515557
0.11726414157369369,-0.619768376518067,-0.0649025747515557
0.11726414157369369,-0.619768376518067,-0.0649025747515557
0.11726414157369369,-0.619768376518067,-0.0649025747515557
0.08971668762670859,0.6429722476685882,-0.011940037706866136
0.08971668762670859,0.6429722476685882,-0.011940037706866136
0.08971668762670859,0.6429722476685882,-0.011940037706866136
0.08971668762670859,0.6429722476685882,-0.011940037706866136
0.08971668762670859,0.6429722476685882,-0.011940037706866136
0.08971668762670859,0.6429722476685882,-0.011940037706866136
0.10786585596445519,-0.42202398738542257,-0.06061458203591208
0.10786585596445519,-0.42202398738542257,-0.06061458203591208
0.10786585596445519,-0.42202398738542257,-0.06061458203591208
0.10786585596445519,-0.42202398738542257,-0.06061458203591208
0.10786585596445519,-0.42202398738542257,-0.06061458203591208
0.10786585596445519,-0.42202398738542257,-0.06061458203591208
0.044654103990547256,-0.9350000121935764,-0.04631839974745766
0.044654103990547256,-0.9350000121935764,-0.04631839974745766
0.044654103990547256,-0.9350000121935764,-0.04631839974745766
0.044654103990547256,-0.9350000121935764,-0.04631839974745766
0.044654103990547256,-0.9350000121935764,-0.04631839974745766
0.044654103990547256,-0.9350000121935764,-0.04631839974745766
0.04534785131820129,1.260396491755099,-0.02285764975928206
0.04534785131820129,1.260396491755099,-0.02285764975928206
0.04534785131820129,1.260396491755099,-0.02285764975928206
0.04534785131820129,1.260396491755099,-0.02285764975928206
0.04534785131820129,1.260396491755099,-0.02285764975928206
0.04534785131820129,1.260396491755099,-0.02285764975928206
0.04403309679433676,-1.7165722932538579,0.035129771931861065
0.04403309679433676,-1.7165722932538579,0.035129771931861065
0.04403309679433676,-1.7165722932538579,0.035129771931861065
0.04403309679433676,-1.7165722932538579,0.035129771931861065
0.04403309679433676,-1.7165722932538579,0.035129771931861065
0.04403309679433676,-1.7165722932538579,0.035129771931861065
-0.037014377318040914,0.20680839426253428,0.03788755331293636
-0.037014377318040914,0.20680839426253428,0.03788755331293636
-0.037014377318040914,0.20680839426253428,0.03788755331293636
-0.037014377318040914,0.20680839426253428,0.03788755331293636
-0.037014377318040914,0.20680839426253428,0.03788755331293636
-0.037014377318040914,0.20680839426253428,0.03788755331293636
0.005583054344008076,-0.22019805763801514,-0.02451221017548022
0.005583054344008076,-0.22019805763801514,-0.02451221017548022
0.005583054344008076,-0.22019805763801514,-0.02451221017548022
0.005583054344008076,-0.22019805763801514,-0.02451221017548022
0.005583054344008076,-0.22019805763801514,-0.02451221017548022
0.005583054344008076,-0.22019805763801514,-0.02451221017548022
-0.006421834329900733,0.5637945637812329,-0.01894472996299168
-0.006421834329900733,0.5637945637812329,-0.01894472996299168
-0.006421834329900733,0.5637945637812329,-0.01894472996299168
-0.006421834329900733,0.5637945637812329,-0.01894472996299168
-0.006421834329900733,0.5637945637812329,-0.01894472996299168
-0.006421834329900733,0.5637945637812329,-0.01894472996299168
-0.08425565476442998,-0.29140141054299207,-0.01058483410995148
-0.08425565476442998,-0.29140141054299207,-0.01058483410995148
-0.08425565476442998,-0.29140141054299207,-0.01058483410995148
-0.08425565476442998,-0.29140141054299207,-0.01058483410995148
-0.08425565476442998,-0.29140141054299207,-0.01058483410995148
-0.08425565476442998,-0.29140141054299207,-0.01058483410995148
-0.044568377941828885,-0.5585079115793583,0.017288972565976835
-0.044568377941828885,-0.5585079115793583,0.017288972565976835
-0.044568377941828885,-0.5585079115793583,0.017288972565976835
-0.044568377941828885,-0.5585079115793583,0.017288972565976835
-0.044568377941828885,-0.5585079115793583,0.017288972565976835
-0.044568377941828885,-0.5585079115793583,0.017288972565976835
-0.06176054542019038,-0.08627144196274372,0.02142986693404314
-0.06176054542019038,-0.08627144196274372,0.02142986693404314
-0.06176054542019038,-0.08627144196274372,0.02142986693404314
-0.06176054542019038,-0.08627144196274372,0.02142986693404314
-0.06176054542019038,-0.08627144196274372,0.02142986693404314
-0.06176054542019038,-0.08627144196274372,0.02142986693404314
-0.013069621083122485,1.220037115716245,-0.02078761069132451
-0.013069621083122485,1.220037115716245,-0.02078761069132451
-0.013069621083122485,1.220037115716245,-0.02078761069132451
-0.013069621083122485,1.220037115716245,-0.02078761069132451
-0.013069621083122485,1.220037115716245,-0.02078761069132451
-0.013069621083122485,1.220037115716245,-0.02078761069132451
0.03659623407235202,0.051522777918933116,-0.10445977351559232
0.03659623407235202,0.051522777918933116,-0.10445977351559232
0.03659623407235202,0.051522777918933116,-0.10445977351559232
0.03659623407235202,0.051522777918933116,-0.10445977351559232
0.03659623407235202,0.051522777918933116,-0.10445977351559232
0.03659623407235202,0.051522777918933116,-0.10445977351559232
-0.016200178417195232,-0.3989585250586103,-0.010228558773101248
-0.016200178417195232,-0.3989585250586103,-0.010228558773101248
-0.016200178417195232,-0.3989585250586103,-0.010228558773101248
-0.016200178417195232,-0.3989585250586103,-0.010228558773101248
-0.016200178417195232,-0.3989585250586103,-0.010228558773101248
-0.016200178417195232,-0.3989585250586103,-0.010228558773101248
-0.08135405073325508,-0.08575106042785308,0.027035453813562427
-0.08135405073325508,-0.08575106042785308,0.027035453813562427
-0.08135405073325508,-0.08575106042785308,0.027035453813562427
-0.08135405073325508,-0.08575106042785308,0.027035453813562427
-0.08135405073325508,-0.08575106042785308,0.027035453813562427
-0.08135405073325508,-0.08575106042785308,0.027035453813562427
-0.06525201422219418,0.08433919138510149,0.012925437544009988
-0.06525201422219418,0.08433919138510149,0.012925437544009988
-0.06525201422219418,0.08433919138510149,0.012925437544009988
-0.06525201422219418,0.08433919138510149,0.012925437544009988
-0.06525201422219418,0.08433919138510149,0.012925437544009988
-0.06525201422219418,0.08433919138510149,0.012925437544009988
-0.08932575425451716,0.3813443446879461,-0.011513599989311452
-0.08932575425451716,0.3813443446879461,-0.011513599989311452
-0.08932575425451716,0.3813443446879461,-0.011513599989311452
-0.08932575425451716,0.3813443446879461,-0.011513599989311452
-0.08932575425451716,0.3813443446879461,-0.011513599989311452
-0.08932575425451716,0.3813443446879461,-0.011513599989311452
-0.029925391275932967,0.28843177957726596,0.05785614215902868
-0.029925391275932967,0.28843177957726596,0.05785614215902868
-0.029925391275932967,0.28843177957726596,0.05785614215902868
-0.029925391275932967,0.28843177957726596,0.05785614215902868
-0.029925391275932967,0.28843177957726596,0.05785614215902868
-0.029925391275932967,0.28843177957726596,0.05785614215902868
0.027100570832020665,0.05352920427194263,-0.007701412107400607
0.027100570832020665,0.05352920427194263,-0.007701412107400607
0.027100570832020665,0.05352920427194263,-0.007701412107400607
0.027100570832020665,0.05352920427194263,-0.007701412107400607
0.027100570832020665,0.05352920427194263,-0.007701412107400607
0.027100570832020665,0.05352920427194263,-0.007701412107400607
0.012548423858623536,0.1392020855852465,0.014651924676219785
0.012548423858623536,0.1392020855852465,0.014651924676219785
0.012548423858623536,0.1392020855852465,0.014651924676219785
0.012548423858623536,0.1392020855852465,0.014651924676219785
0.012548423858623536,0.1392020855852465,0.014651924676219785
0.012548423858623536,0.1392020855852465,0.014651924676219785
0.0021931449730345776,-1.5953104760273327,-0.03360050115470692
0.0021931449730345776,-1.5953104760273327,-0.03360050115470692
0.0021931449730345776,-1.5953104760273327,-0.03360050115470692
0.0021931449730345776,-1.5953104760273327,-0.03360050115470692
0.0021931449730345776,-1.5953104760273327,-0.03360050115470692
0.0021931449730345776,-1.5953104760273327,-0.03360050115470692
-0.010310338753420467,0.9177566544608808,0.010036320243397512
-0.010310338753420467,0.9177566544608808,0.010036320243397512
-0.010310338753420467,0.9177566544608808,0.010036320243397512
-0.010310338753420467,0.9177566544608808,0.010036320243397512
-0.010310338753420467,0.9177566544608808,0.010036320243397512
-0.010310338753420467,0.9177566544608808,0.010036320243397512
0.02198511434163386,-0.8149048628354407,0.04771493254014736
0.02198511434163386,-0.8149048628354407,0.04771493254014736
0.02198511434163386,-0.8149048628354407,0.04771493254014736
0.02198511434163386,-0.8149048628354407,0.04771493254014736
0.02198511434163386,-0.8149048628354407,0.04771493254014736
0.02198511434163386,-0.8149048628354407,0.04771493254014736
0.08311569566722099,-1.1078835899406094,-0.05219455224298564
0.08311569566722099,-1.1078835899406094,-0.05219455224298564
0.08311569566722099,-1.1078835899406094,-0.05219455224298564
0.08311569566722099,-1.1078835899406094,-0.05219455224298564
0.08311569566722099,-1.1078835899406094,-0.05219455224298564
0.08311569566722099,-1.1078835899406094,-0.05219455224298564
0.07172651389521434,2.021667636874721,-0.009925811850985511
0.07172651389521434,2.021667636874721,-0.009925811850985511
0.07172651389521434,2.021667636874721,-0.009925811850985511
0.07172651389521434,2.021667636874721,-0.009925811850985511
0.07172651389521434,2.021667636874721,-0.009925811850985511
0.07172651389521434,2.021667636874721,-0.009925811850985511
0.02564866795110632,-0.3331191205128903,-0.010872070320155913
0.02564866795110632,-0.3331191205128903,-0.010872070320155913
0.02564866795110632,-0.3331191205128903,-0.010872070320155913
0.02564866795110632,-0.3331191205128903,-0.010872070320155913
0.02564866795110632,-0.3331191205128903,-0.010872070320155913
0.02564866795110632,-0.3331191205128903,-0.010872070320155913
0.06155287528240727,0.6790981896197614,-0.010476113237174012
0.06155287528240727,0.6790981896197614,-0.010476113237174012
0.06155287528240727,0.6790981896197614,-0.010476113237174012
0.06155287528240727,0.6790981896197614,-0.010476113237174012
0.06155287528240727,0.6790981896197614,-0.010476113237174012
0.06155287528240727,0.6790981896197614,-0.010476113237174012
-0.0952778136788286,-0.5053147751906728,0.03683871106013381
-0.0952778136788286,-0.5053147751906728,0.03683871106013381
-0.0952778136788286,-0.5053147751906728,0.03683871106013381
-0.0952778136788286,-0.5053147751906728,0.03683871106013381
-0.0952778136788286,-0.5053147751906728,0.03683871106013381
-0.0952778136788286,-0.5053147751906728,0.03683871106013381
0.08405552333500665,0.8842374898626524,0.11970893225938095
0.08405552333500665,0.8842374898626524,0.11970893225938095
0.08405552333500665,0.8842374898626524,0.11970893225938095
0.08405552333500665,0.8842374898626524,0.11970893225938095
0.08405552333500665,0.8842374898626524,0.11970893225938095
0.08405552333500665,0.8842374898626524,0.11970893225938095
-0.0025466123831403564,-0.7150047189153277,0.016505357913475294
-0.0025466123831403564,-0.7150047189153277,0.016505357913475294
-0.0025466123831403564,-0.7150047189153277,0.016505357913475294
-0.0025466123831403564,-0.7150047189153277,0.016505357913475294
-0.0025466123831403564,-0.7150047189153277,0.016505357913475294
-0.0025466123831403564,-0.7150047189153277,0.016505357913475294
0.033168772688533465,0.5067266510506094,0.04022650398245187
0.033168772688533465,0.5067266510506094,0.04022650398245187
0.033168772688533465,0.5067266510506094,0.04022650398245187
0.033168772688533465,0.5067266510506094,0.04022650398245187
0.033168772688533465,0.5067266510506094,0.04022650398245187
0.033168772688533465,0.5067266510506094,0.04022650398245187
0.0103075028025863,-1.2646915284734206,-0.011287604763417391
0.0103075028025863,-1.2646915284734206,-0.011287604763417391
0.0103075028025863,-1.2646915284734206,-0.011287604763417391
0.0103075028025863,-1.2646915284734206,-0.011287604763417391
0.0103075028025863,-1.2646915284734206,-0.011287604763417391
0.0103075028025863,-1.2646915284734206,-0.011287604763417391
-0.035725402718680854,2.6258290574284544,0.01127369589770666
-0.035725402718680854,2.6258290574284544,0.01127369589770666
-0.035725402718680854,2.6258290574284544,0.01127369589770666
-0.035725402718680854,2.6258290574284544,0.01127369589770666
-0.035725402718680854,2.6258290574284544,0.01127369589770666
-0.035725402718680854,2.6258290574284544,0.01127369589770666
0.011269883117055457,-1.3676841984441062,0.02517534343691885
0.011269883117055457,-1.3676841984441062,0.02517534343691885
0.011269883117055457,-1.3676841984441062,0.02517534343691885
0.011269883117055457,-1.3676841984441062,0.02517534343691885
0.011269883117055457,-1.3676841984441062,0.02517534343691885
0.011269883117055457,-1.3676841984441062,0.02517534343691885
-0.03885629374480004,1.6899938611760597,0.054400204110025996
-0.03885629374480004,1.6899938611760597,0.054400204110025996
-0.03885629374480004,1.6899938611760597,0.054400204110025996
-0.03885629374480004,1.6899938611760597,0.054400204110025996
-0.03885629374480004,1.6899938611760597,0.054400204110025996
-0.03885629374480004,1.6899938611760597,0.054400204110025996
-0.04816536201838595,-0.8768458636240197,0.012304998728131622
-0.04816536201838595,-0.8768458636240197,0.012304998728131622
-0.04816536201838595,-0.8768458636240197,0.012304998728131622
-0.04816536201838595,-0.8768458636240197,0.012304998728131622
-0.04816536201838595,-0.8768458636240197,0.012304998728131622
-0.04816536201838595,-0.8768458636240197,0.012304998728131622
0.005015292304655361,0.5794868651741574,0.0020227412571705017
0.005015292304655361,0.5794868651741574,0.0020227412571705017
0.005015292304655361,0.5794868651741574,0.0020227412571705017
0.005015292304655361,0.5794868651741574,0.0020227412571705017
0.005015292304655361,0.5794868651741574,0.0020227412571705017
0.005015292304655361,0.5794868651741574,0.0020227412571705017
0.08698870833604389,-0.7708247514579014,0.007092403104951295
0.08698870833604389,-0.7708247514579014,0.007092403104951295
0.08698870833604389,-0.7708247514579014,0.007092403104951295
0.08698870833604389,-0.7708247514579014,0.007092403104951295
0.08698870833604389,-0.7708247514579014,0.007092403104951295
0.08698870833604389,-0.7708247514579014,0.007092403104951295
0.007319614921286188,0.9934909196690711,0.016461958960139356
0.007319614921286188,0.9934909196690711,0.016461958960139356
0.007319614921286188,0.9934909196690711,0.016461958960139356
0.007319614921286188,0.9934909196690711,0.016461958960139356
0.007319614921286188,0.9934909196690711,0.016461958960139356
0.007319614921286188,0.9934909196690711,0.016461958960139356
0.05073518407959021,-1.2621414805531543,0.02465051386379269
0.05073518407959021,-1.2621414805531543,0.02465051386379269
0.05073518407959021,-1.2621414805531543,0.02465051386379269
0.05073518407959021,-1.2621414805531543,0.02465051386379269
0.05073518407959021,-1.2621414805531543,0.02465051386379269
0.05073518407959021,-1.2621414805531543,0.02465051386379269
-0.0342143054252233,0.9009500156247618,0.045095227823387596
-0.0342143054252233,0.9009500156247618,0.045095227823387596
-0.0342143054252233,0.9009500156247618,0.045095227823387596
-0.0342143054252233,0.9009500156247618,0.045095227823387596
-0.0342143054252233,0.9009500156247618,0.045095227823387596
-0.0342143054252233,0.9009500156247618,0.045095227823387596
-0.06948465742608967,-1.250382059404373,0.11576847581850203
-0.06948465742608967,-1.250382059404373,0.11576847581850203
-0.06948465742608967,-1.250382059404373,0.11576847581850203
-0.06948465742608967,-1.250382059404373,0.11576847581850203
-0.06948465742608967,-1.250382059404373,0.11576847581850203
-0.06948465742608967,-1.250382059404373,0.11576847581850203
-0.01678970890431941,0.22535827213483373,0.14849821434449595
-0.01678970890431941,0.22535827213483373,0.14849821434449595
-0.01678970890431941,0.22535827213483373,0.14849821434449595
-0.01678970890431941,0.22535827213483373,0.14849821434449595
-0.01678970890431941,0.22535827213483373,0.14849821434449595
-0.01678970890431941,0.22535827213483373,0.14849821434449595
-0.019708508643324407,1.4593164273920713,-0.019861996451831843
-0.019708508643324407,1.4593164273920713,-0.019861996451831843
-0.019708508643324407,1.4593164273920713,-0.019861996451831843
-0.019708508643324407,1.4593164273920713,-0.019861996451831843
-0.019708508643324407,1.4593164273920713,-0.019861996451831843
-0.019708508643324407,1.4593164273920713,-0.019861996451831843
-0.10679738992113563,-1.6418897171470732,0.03450783618685627
-0.10679738992113563,-1.6418897171470732,0.03450783618685627
-0.10679738992113563,-1.6418897171470732,0.03450783618685627
-0.10679738992113563,-1.6418897171470732,0.03450783618685627
-0.10679738992113563,-1.6418897171470732,0.03450783618685627
-0.10679738992113563,-1.6418897171470732,0.03450783618685627
-0.025451662755688886,-1.2693744446335344,0.019436339840413375
-0.025451662755688886,-1.2693744446335344,0.019436339840413375
-0.025451662755688886,-1.2693744446335344,0.019436339840413375
-0.025451662755688886,-1.2693744446335344,0.019436339840413375
-0.025451662755688886,-1.2693744446335344,0.019436339840413375
-0.025451662755688886,-1.2693744446335344,0.019436339840413375
-0.004225299753295886,0.9987232433228961,-0.06258322006223871
-0.004225299753295886,0.9987232433228961,-0.06258322006223871
-0.004225299753295886,0.9987232433228961,-0.06258322006223871
-0.004225299753295886,0.9987232433228961,-0.06258322006223871
-0.004225299753295886,0.9987232433228961,-0.06258322006223871
-0.004225299753295886,0.9987232433228961,-0.06258322006223871
-0.052914510877426935,-0.2578972659237948,-0.1265031971269881
-0.052914510877426935,-0.2578972659237948,-0.1265031971269881
-0.052914510877426935,-0.2578972659237948,-0.1265031971269881
-0.052914510877426935,-0.2578972659237948,-0.1265031971269881
-0.052914510877426935,-0.2578972659237948,-0.1265031971269881
-0.052914510877426935,-0.2578972659237948,-0.1265031971269881
-0.07888421166730275,0.4166938209739399,-0.012333615988175062
-0.07888421166730275,0.4166938209739399,-0.012333615988175062
-0.07888421166730275,0.4166938209739399,-0.012333615988175062
-0.07888421166730275,0.4166938209739399,-0.012333615988175062
-0.07888421166730275,0.4166938209739399,-0.012333615988175062
-0.07888421166730275,0.4166938209739399,-0.012333615988175062
0.058973929581842555,-0.20388432605003715,-0.03944818165632746
0.058973929581842555,-0.20388432605003715,-0.03944818165632746
0.058973929581842555,-0.20388432605003715,-0.03944818165632746
0.058973929581842555,-0.20388432605003715,-0.03944818165632746
0.058973929581842555,-0.20388432605003715,-0.03944818165632746
0.058973929581842555,-0.20388432605003715,-0.03944818165632746
-0.0634169814339689,-0.8050104044049071,0.026292529988263702
-0.0634169814339689,-0.8050104044049071,0.026292529988263702
-0.0634169814339689,-0.8050104044049071,0.026292529988263702
-0.0634169814339689,-0.8050104044049071,0.026292529988263702
-0.0634169814339689,-0.8050104044049071,0.026292529988263702
-0.0634169814339689,-0.8050104044049071,0.026292529988263702
-0.07345528939324986,1.452712952567552,0.006997708109320655
-0.07345528939324986,1.452712952567552,0.006997708109320655
-0.07345528939324986,1.452712952567552,0.006997708109320655
-0.07345528939324986,1.452712952567552,0.006997708109320655
-0.07345528939324986,1.452712952567552,0.006997708109320655
-0.07345528939324986,1.452712952567552,0.006997708109320655
-0.04352277241757463,-2.2594908055292073,-0.06263584002401057
-0.04352277241757463,-2.2594908055292073,-0.06263584002401057
-0.04352277241757463,-2.2594908055292073,-0.06263584002401057
-0.04352277241757463,-2.2594908055292073,-0.06263584002401057
-0.04352277241757463,-2.2594908055292073,-0.06263584002401057
-0.04352277241757463,-2.2594908055292073,-0.06263584002401057
-0.02133101549856775,2.0521296083425717,-0.022824468228049177
-0.02133101549856775,2.0521296083425717,-0.022824468228049177
-0.02133101549856775,2.0521296083425717,-0.022824468228049177
-0.02133101549856775,2.0521296083425717,-0.022824468228049177
-0.02133101549856775,2.0521296083425717,-0.022824468228049177
-0.02133101549856775,2.0521296083425717,-0.022824468228049177
-0.019564089920542926,0.791102918879119,0.056857268565995156
-0.019564089920542926,0.791102918879119,0.056857268565995156
-0.019564089920542926,0.791102918879119,0.056857268565995156
-0.019564089920542926,0.791102918879119,0.056857268565995156
-0.019564089920542926,0.791102918879119,0.056857268565995156
-0.019564089920542926,0.791102918879119,0.056857268565995156
0.03274249975074106,0.564597633949905,-0.02361653035131095
0.03274249975074106,0.564597633949905,-0.02361653035131095
0.03274249975074106,0.564597633949905,-0.02361653035131095
0.03274249975074106,0.564597633949905,-0.02361653035131095
0.03274249975074106,0.564597633949905,-0.02361653035131095
0.03274249975074106,0.564597633949905,-0.02361653035131095
0.03222453052190666,-0.9115125350818722,-0.04507185627083832
0.03222453052190666,-0.9115125350818722,-0.04507185627083832
0.03222453052190666,-0.9115125350818722,-0.04507185627083832
0.03222453052190666,-0.9115125350818722,-0.04507185627083832
0.03222453052190666,-0.9115125350818722,-0.04507185627083832
0.03222453052190666,-0.9115125350818722,-0.04507185627083832
0.03537992583601657,-0.10752985905810775,-0.06835256979493831
0.03537992583601657,-0.10752985905810775,-0.06835256979493831
0.03537992583601657,-0.10752985905810775,-0.06835256979493831
0.03537992583601657,-0.10752985905810775,-0.06835256979493831
0.03537992583601657,-0.10752985905810775,-0.06835256979493831
0.03537992583601657,-0.10752985905810775,-0.06835256979493831
0.08713641462583688,-0.7342106363849403,0.00408632248970342
0.08713641462583688,-0.7342106363849403,0.00408632248970342
0.08713641462583688,-0.7342106363849403,0.00408632248970342
0.08713641462583688,-0.7342106363849403,0.00408632248970342
0.08713641462583688,-0.7342106363849403,0.00408632248970342
0.08713641462583688,-0.7342106363849403,0.00408632248970342
0.018095953688529676,0.20269279131204954,-0.03099891879404293
0.018095953688529676,0.20269279131204954,-0.03099891879404293
0.018095953688529676,0.20269279131204954,-0.03099891879404293
0.018095953688529676,0.20269279131204954,-0.03099891879404293
0.018095953688529676,0.20269279131204954,-0.03099891879404293
0.018095953688529676,0.20269279131204954,-0.03099891879404293
-0.01578364179724545,0.24110681216011187,-0.05555060806288381
-0.01578364179724545,0.24110681216011187,-0.05555060806288381
-0.01578364179724545,0.24110681216011187,-0.05555060806288381
-0.01578364179724545,0.24110681216011187,-0.05555060806288381
-0.01578364179724545,0.24110681216011187,-0.05555060806288381
-0.01578364179724545,0.24110681216011187,-0.05555060806288381
-0.0008229750067769714,-0.2882382261421945,-0.023316739732507585
-0.0008229750067769714,-0.2882382261421945,-0.023316739732507585
-0.0008229750067769714,-0.2882382261421945,-0.023316739732507585
-0.0008229750067769714,-0.2882382261421945,-0.023316739732507585
-0.0008229750067769714,-0.2882382261421945,-0.023316739732507585
-0.0008229750067769714,-0.2882382261421945,-0.023316739732507585
-0.010998011369691696,1.7663711994260147,0.07590763345950169
-0.010998011369691696,1.7663711994260147,0.07590763345950169
-0.010998011369691696,1.7663711994260147,0.07590763345950169
-0.010998011369691696,1.7663711994260147,0.07590763345950169
-0.010998011369691696,1.7663711994260147,0.07590763345950169
-0.010998011369691696,1.7663711994260147,0.07590763345950169
0.021081689651953894,-2.403841795010102,0.07933794425364216
0.021081689651953894,-2.403841795010102,0.07933794425364216
0.021081689651953894,-2.403841795010102,0.07933794425364216
0.021081689651953894,-2.403841795010102,0.07933794425364216
0.021081689651953894,-2.403841795010102,0.07933794425364216
0.021081689651953894,-2.403841795010102,0.07933794425364216
0.06822102170403,1.8278373942452895,0.011856477672880672
0.06822102170403,1.8278373942452895,0.011856477672880672
0.06822102170403,1.8278373942452895,0.011856477672880672
0.06822102170403,1.8278373942452895,0.011856477672880672
0.06822102170403,1.8278373942452895,0.011856477672880672
0.06822102170403,1.8278373942452895,0.011856477672880672
0.030062187018652153,-1.8833700210049251,0.039065147011490886
0.030062187018652153,-1.8833700210049251,0.039065147011490886
0.030062187018652153,-1.8833700210049251,0.039065147011490886
0.030062187018652153,-1.8833700210049251,0.039065147011490886
0.030062187018652153,-1.8833700210049251,0.039065147011490886
0.030062187018652153,-1.8833700210049251,0.039065147011490886
-0.021178779310789153,0.26798336329144945,-0.02173585863985039
-0.021178779310789153,0.26798336329144945,-0.02173585863985039
-0.021178779310789153,0.26798336329144945,-0.02173585863985039
-0.021178779310789153,0.26798336329144945,-0.02173585863985039
-0.021178779310789153,0.26798336329144945,-0.02173585863985039
-0.021178779310789153,0.26798336329144945,-0.02173585863985039
0.021745998893228702,0.3919335371020267,0.024323598073627828
0.021745998893228702,0.3919335371020267,0.024323598073627828
0.021745998893228702,0.3919335371020267,0.024323598073627828
0.021745998893228702,0.3919335371020267,0.024323598073627828
0.021745998893228702,0.3919335371020267,0.024323598073627828
0.021745998893228702,0.3919335371020267,0.024323598073627828
0.019960903684571818,-0.3420403154011744,-0.014327427088557165
0.019960903684571818,-0.3420403154011744,-0.014327427088557165
0.019960903684571818,-0.3420403154011744,-0.014327427088557165
0.019960903684571818,-0.3420403154011744,-0.014327427088557165
0.019960903684571818,-0.3420403154011744,-0.014327427088557165
0.019960903684571818,-0.3420403154011744,-0.014327427088557165
-0.027383170646618993,0.19354191614706906,0.09374798167686116
-0.027383170646618993,0.19354191614706906,0.09374798167686116
-0.027383170646618993,0.19354191614706906,0.09374798167686116
-0.027383170646618993,0.19354191614706906,0.09374798167686116
-0.027383170646618993,0.19354191614706906,0.09374798167686116
-0.027383170646618993,0.19354191614706906,0.09374798167686116
-0.012839473946328894,-0.3784710361429724,0.0809453412293557
-0.012839473946328894,-0.3784710361429724,0.0809453412293557
-0.012839473946328894,-0.3784710361429724,0.0809453412293557
-0.012839473946328894,-0.3784710361429724,0.0809453412293557
-0.012839473946328894,-0.3784710361429724,0.0809453412293557
-0.012839473946328894,-0.3784710361429724,0.0809453412293557
-0.01291272612139771,1.6342018302737102,-0.01858503029217129
-0.01291272612139771,1.6342018302737102,-0.01858503029217129
-0.01291272612139771,1.6342018302737102,-0.01858503029217129
-0.01291272612139771,1.6342018302737102,-0.01858503029217129
-0.01291272612139771,1.6342018302737102,-0.01858503029217129
-0.01291272612139771,1.6342018302737102,-0.01858503029217129
0.005332632193669085,-2.8126413665310324,0.04120276619187102
0.005332632193669085,-2.8126413665310324,0.04120276619187102
0.005332632193669085,-2.8126413665310324,0.04120276619187102
0.005332632193669085,-2.8126413665310324,0.04120276619187102
0.005332632193669085,-2.8126413665310324,0.04120276619187102
0.005332632193669085,-2.8126413665310324,0.04120276619187102
0.028614324750469322,2.1214395886425983,0.0478813177010915
0.028614324750469322,2.1214395886425983,0.0478813177010915
0.028614324750469322,2.1214395886425983,0.0478813177010915
0.028614324750469322,2.1214395886425983,0.0478813177010915
0.028614324750469322,2.1214395886425983,0.0478813177010915
0.028614324750469322,2.1214395886425983,0.0478813177010915
0.09066438310905411,-0.4127894652855133,-0.013650627390211056
0.09066438310905411,-0.4127894652855133,-0.013650627390211056
0.09066438310905411,-0.4127894652855133,-0.013650627390211056
0.09066438310905411,-0.4127894652855133,-0.013650627390211056
0.09066438310905411,-0.4127894652855133,-0.013650627390211056
0.09066438310905411,-0.4127894652855133,-0.013650627390211056
0.03182368468548624,0.39602794623477067,-0.035671832853302554
0.03182368468548624,0.39602794623477067,-0.035671832853302554
0.03182368468548624,0.39602794623477067,-0.035671832853302554
0.03182368468548624,0.39602794623477067,-0.035671832853302554
0.03182368468548624,0.39602794623477067,-0.035671832853302554
0.03182368468548624,0.39602794623477067,-0.035671832853302554
-0.03233120137186596,0.2024866348206693,-0.03382116763152965
-0.03233120137186596,0.2024866348206693,-0.03382116763152965
-0.03233120137186596,0.2024866348206693,-0.03382116763152965
-0.03233120137186596,0.2024866348206693,-0.03382116763152965
-0.03233120137186596,0.2024866348206693,-0.03382116763152965
-0.03233120137186596,0.2024866348206693,-0.03382116763152965
-0.07346603649239469,0.0699155115352923,-0.03431855755650304
-0.07346603649239469,0.0699155115352923,-0.03431855755650304
-0.07346603649239469,0.0699155115352923,-0.03431855755650304
-0.07346603649239469,0.0699155115352923,-0.03431855755650304
-0.07346603649239469,0.0699155115352923,-0.03431855755650304
-0.07346603649239469,0.0699155115352923,-0.03431855755650304
-0.06312794764911622,0.27427860337658316,-0.0033645861354409945
-0.06312794764911622,0.27427860337658316,-0.0033645861354409945
-0.06312794764911622,0.27427860337658316,-0.0033645861354409945
-0.06312794764911622,0.27427860337658316,-0.0033645861354409945
-0.06312794764911622,0.27427860337658316,-0.0033645861354409945
-0.06312794764911622,0.27427860337658316,-0.0033645861354409945
0.038349779117947236,-0.062293870803525664,-0.04698149815573238
0.038349779117947236,-0.062293870803525664,-0.04698149815573238
0.038349779117947236,-0.062293870803525664,-0.04698149815573238
0.038349779117947236,-0.062293870803525664,-0.04698149815573238
0.038349779117947236,-0.062293870803525664,-0.04698149815573238
0.038349779117947236,-0.062293870803525664,-0.04698149815573238
0.011171304182013841,-0.7317217562592404,0.00027689773920780425
0.011171304182013841,-0.7317217562592404,0.00027689773920780425
0.011171304182013841,-0.7317217562592404,0.00027689773920780425
0.011171304182013841,-0.7317217562592404,0.00027689773920780425
0.011171304182013841,-0.7317217562592404,0.00027689773920780425
0.011171304182013841,-0.7317217562592404,0.00027689773920780425
0.08417185749287626,-0.06214749084029947,0.09531239398322455
0.08417185749287626,-0.06214749084029947,0.09531239398322455
0.08417185749287626,-0.06214749084029947,0.09531239398322455
0.08417185749287626,-0.06214749084029947,0.09531239398322455
0.08417185749287626,-0.06214749084029947,0.09531239398322455
0.08417185749287626,-0.06214749084029947,0.09531239398322455
0.05613581679757296,-0.055195116826805446,0.010942780266403496
0.05613581679757296,-0.055195116826805446,0.010942780266403496
0.05613581679757296,-0.055195116826805446,0.010942780266403496
0.05613581679757296,-0.055195116826805446,0.010942780266403496
0.05613581679757296,-0.055195116826805446,0.010942780266403496
0.05613581679757296,-0.055195116826805446,0.010942780266403496
0.00024231686452225176,1.0278953472550008,-0.02134394287626673
0.00024231686452225176,1.0278953472550008,-0.02134394287626673
0.00024231686452225176,1.0278953472550008,-0.02134394287626673
0.00024231686452225176,1.0278953472550008,-0.02134394287626673
0.00024231686452225176,1.0278953472550008,-0.02134394287626673
0.00024231686452225176,1.0278953472550008,-0.02134394287626673
0.005966495076771494,-1.2185849776912612,0.10643907660399154
0.005966495076771494,-1.2185849776912612,0.10643907660399154
0.005966495076771494,-1.2185849776912612,0.10643907660399154
0.005966495076771494,-1.2185849776912612,0.10643907660399154
0.005966495076771494,-1.2185849776912612,0.10643907660399154
0.005966495076771494,-1.2185849776912612,0.10643907660399154
-0.009977134649354014,0.5745689595264842,-0.03448204472768879
-0.009977134649354014,0.5745689595264842,-0.03448204472768879
-0.009977134649354014,0.5745689595264842,-0.03448204472768879
-0.009977134649354014,0.5745689595264842,-0.03448204472768879
-0.009977134649354014,0.5745689595264842,-0.03448204472768879
-0.009977134649354014,0.5745689595264842,-0.03448204472768879
0.025265325342552103,-1.2186535633372664,0.04325635952704587
0.025265325342552103,-1.2186535633372664,0.04325635952704587
0.025265325342552103,-1.2186535633372664,0.04325635952704587
0.025265325342552103,-1.2186535633372664,0.04325635952704587
0.025265325342552103,-1.2186535633372664,0.04325635952704587
0.025265325342552103,-1.2186535633372664,0.04325635952704587
0.10062193736772151,1.6024861479191586,-0.01092242246764119
0.10062193736772151,1.6024861479191586,-0.01092242246764119
0.10062193736772151,1.6024861479191586,-0.01092242246764119
0.10062193736772151,1.6024861479191586,-0.01092242246764119
0.10062193736772151,1.6024861479191586,-0.01092242246764119
0.10062193736772151,1.6024861479191586,-0.01092242246764119
-0.00011490506231126574,-1.6671231888549976,0.026968719561977217
-0.00011490506231126574,-1.6671231888549976,0.026968719561977217
-0.00011490506231126574,-1.6671231888549976,0.026968719561977217
-0.00011490506231126574,-1.6671231888549976,0.026968719561977217
-0.00011490506231126574,-1.6671231888549976,0.026968719561977217
-0.00011490506231126574,-1.6671231888549976,0.026968719561977217
0.007066125047806793,-0.9464099117339302,0.00431470843113857
0.007066125047806793,-0.9464099117339302,0.00431470843113857
0.007066125047806793,-0.9464099117339302,0.00431470843113857
0.007066125047806793,-0.9464099117339302,0.00431470843113857
0.007066125047806793,-0.9464099117339302,0.00431470843113857
0.007066125047806793,-0.9464099117339302,0.00431470843113857
-0.055547236701935176,1.1119579120428256,-0.055752340971608305
-0.055547236701935176,1.1119579120428256,-0.055752340971608305
-0.055547236701935176,1.1119579120428256,-0.055752340971608305
-0.055547236701935176,1.1119579120428256,-0.055752340971608305
-0.055547236701935176,1.1119579120428256,-0.055752340971608305
-0.055547236701935176,1.1119579120428256,-0.055752340971608305
0.0335125506447298,0.8177102667513516,0.0666187895538295
0.0335125506447298,0.8177102667513516,0.0666187895538295
0.0335125506447298,0.8177102667513516,0.0666187895538295
0.0335125506447298,0.8177102667513516,0.0666187895538295
0.0335125506447298,0.8177102667513516,0.0666187895538295
0.0335125506447298,0.8177102667513516,0.0666187895538295
-0.010533979366531554,-0.5595965528629456,0.026590002049218242
-0.010533979366531554,-0.5595965528629456,0.026590002049218242
-0.010533979366531554,-0.5595965528629456,0.026590002049218242
-0.010533979366531554,-0.5595965528629456,0.026590002049218242
-0.010533979366531554,-0.5595965528629456,0.026590002049218242
-0.010533979366531554,-0.5595965528629456,0.026590002049218242
0.04741581121579763,-0.2899063142457976,-0.034988078993869465
0.04741581121579763,-0.2899063142457976,-0.034988078993869465
0.04741581121579763,-0.2899063142457976,-0.034988078993869465
0.04741581121579763,-0.2899063142457976,-0.034988078993869465
0.04741581121579763,-0.2899063142457976,-0.034988078993869465
0.04741581121579763,-0.2899063142457976,-0.034988078993869465
0.0658195212375201,1.2542077385097592,-0.026466755269618503
0.0658195212375201,1.2542077385097592,-0.026466755269618503
0.0658195212375201,1.2542077385097592,-0.026466755269618503
0.0658195212375201,1.2542077385097592,-0.026466755269618503
0.0658195212375201,1.2542077385097592,-0.026466755269618503
0.0658195212375201,1.2542077385097592,-0.026466755269618503
-0.022123092304353165,-0.19951436258564925,-0.007857552918621558
-0.022123092304353165,-0.19951436258564925,-0.007857552918621558
-0.022123092304353165,-0.19951436258564925,-0.007857552918621558
-0.022123092304353165,-0.19951436258564925,-0.007857552918621558
-0.022123092304353165,-0.19951436258564925,-0.007857552918621558
-0.022123092304353165,-0.19951436258564925,-0.007857552918621558
-0.026254189130927585,-1.013680314344537,-0.013897398005960682
-0.026254189130927585,-1.013680314344537,-0.013897398005960682
-0.026254189130927585,-1.013680314344537,-0.013897398005960682
-0.026254189130927585,-1.013680314344537,-0.013897398005960682
-0.026254189130927585,-1.013680314344537,-0.013897398005960682
-0.026254189130927585,-1.013680314344537,-0.013897398005960682
-0.08940738538183268,-1.0979998185106261,0.025370024977286576
-0.08940738538183268,-1.0979998185106261,0.025370024977286576
-0.08940738538183268,-1.0979998185106261,0.025370024977286576
-0.08940738538183268,-1.0979998185106261,0.025370024977286576
-0.08940738538183268,-1.0979998185106261,0.025370024977286576
-0.08940738538183268,-1.0979998185106261,0.025370024977286576
0.039689925601482656,1.7295850555270462,0.011180698828290758
0.039689925601482656,1.7295850555270462,0.011180698828290758
0.039689925601482656,1.7295850555270462,0.011180698828290758
0.039689925601482656,1.7295850555270462,0.011180698828290758
0.039689925601482656,1.7295850555270462,0.011180698828290758
0.039689925601482656,1.7295850555270462,0.011180698828290758
0.01683910976291081,1.1780088810049527,0.031028188447063343
0.01683910976291081,1.1780088810049527,0.031028188447063343
0.01683910976291081,1.1780088810049527,0.031028188447063343
0.01683910976291081,1.1780088810049527,0.031028188447063343
0.01683910976291081,1.1780088810049527,0.031028188447063343
0.01683910976291081,1.1780088810049527,0.031028188447063343
0.06344807395567997,-0.3197421935362925,-0.08453326749906154
0.06344807395567997,-0.3197421935362925,-0.08453326749906154
0.06344807395567997,-0.3197421935362925,-0.08453326749906154
0.06344807395567997,-0.3197421935362925,-0.08453326749906154
0.06344807395567997,-0.3197421935362925,-0.08453326749906154
0.06344807395567997,-0.3197421935362925,-0.08453326749906154
0.06165048961047326,-1.0658788897600573,0.006646168473601222
0.06165048961047326,-1.0658788897600573,0.006646168473601222
0.06165048961047326,-1.0658788897600573,0.006646168473601222
0.06165048961047326,-1.0658788897600573,0.006646168473601222
0.06165048961047326,-1.0658788897600573,0.006646168473601222
0.06165048961047326,-1.0658788897600573,0.006646168473601222
-0.06068605654554737,1.4480916468320153,-0.06638481517999306
-0.06068605654554737,1.4480916468320153,-0.06638481517999306
-0.06068605654554737,1.4480916468320153,-0.06638481517999306
-0.06068605654554737,1.4480916468320153,-0.06638481517999306
-0.06068605654554737,1.4480916468320153,-0.06638481517999306
-0.06068605654554737,1.4480916468320153,-0.06638481517999306
-0.06372696956822033,-0.6292489254073068,-0.11425780223367976
-0.06372696956822033,-0.6292489254073068,-0.11425780223367976
-0.06372696956822033,-0.6292489254073068,-0.11425780223367976
-0.06372696956822033,-0.6292489254073068,-0.11425780223367976
-0.06372696956822033,-0.6292489254073068,-0.11425780223367976
-0.06372696956822033,-0.6292489254073068,-0.11425780223367976
-0.02036687088359379,0.05555229298905218,-0.013965352214254878
-0.02036687088359379,0.05555229298905218,-0.013965352214254878
-0.02036687088359379,0.05555229298905218,-0.013965352214254878
-0.02036687088359379,0.05555229298905218,-0.013965352214254878
-0.02036687088359379,0.05555229298905218,-0.013965352214254878
-0.02036687088359379,0.05555229298905218,-0.013965352214254878
0.030638460087587305,0.824925503805062,0.0176409800966999
0.030638460087587305,0.824925503805062,0.0176409800966999
0.030638460087587305,0.824925503805062,0.0176409800966999
0.030638460087587305,0.824925503805062,0.0176409800966999
0.030638460087587305,0.824925503805062,0.0176409800966999
0.030638460087587305,0.824925503805062,0.0176409800966999
-0.07211877715369575,0.45131094913552516,0.019653277618529863
-0.07211877715369575,0.45131094913552516,0.019653277618529863
-0.07211877715369575,0.45131094913552516,0.019653277618529863
-0.07211877715369575,0.45131094913552516,0.019653277618529863
-0.07211877715369575,0.45131094913552516,0.019653277618529863
-0.07211877715369575,0.45131094913552516,0.019653277618529863
-0.059112651511251,-1.1556471531190944,0.09109388245482819
-0.059112651511251,-1.1556471531190944,0.09109388245482819
-0.059112651511251,-1.1556471531190944,0.09109388245482819
-0.059112651511251,-1.1556471531190944,0.09109388245482819
-0.059112651511251,-1.1556471531190944,0.09109388245482819
-0.059112651511251,-1.1556471531190944,0.09109388245482819
0.02991666315124597,2.4446309859668496,-0.03386591834720498
0.02991666315124597,2.4446309859668496,-0.03386591834720498
0.02991666315124597,2.4446309859668496,-0.03386591834720498
0.02991666315124597,2.4446309859668496,-0.03386591834720498
0.02991666315124597,2.4446309859668496,-0.03386591834720498
0.02991666315124597,2.4446309859668496,-0.03386591834720498
3.5,-0.6160166723890832,-0.07375416396250145
3.5,-0.6160166723890832,-0.07375416396250145
3.5,-0.6160166723890832,-0.07375416396250145
3.5,-0.6160166723890832,-0.07375416396250145
3.5,-0.6160166723890832,-0.07375416396250145
3.5,-0.6160166723890832,-0.07375416396250145
3.5,0.29900123904908327,-0.019577404413041677
3.5,0.29900123904908327,-0.019577404413041677
3.5,0.29900123904908327,-0.019577404413041677
3.5,0.29900123904908327,-0.019577404413041677
3.5,0.29900123904908327,-0.019577404413041677
3.5,0.29900123904908327,-0.019577404413041677
3.5,2.336329031553152,-0.07049201262409
3.5,2.336329031553152,-0.07049201262409
3.5,2.336329031553152,-0.07049201262409
3.5,2.336329031553152,-0.07049201262409
3.5,2.336329031553152,-0.07049201262409
3.5,2.336329031553152,-0.07049201262409
3.5,-0.5986796649093407,-0.01592355038897164
3.5,-0.5986796649093407,-0.01592355038897164
3.5,-0.5986796649093407,-0.01592355038897164
3.5,-0.5986796649093407,-0.01592355038897164
3.5,-0.5986796649093407,-0.01592355038897164
3.5,-0.5986796649093407,-0.01592355038897164
3.5,3.437629049608585,-0.010854906949825605
3.5,3.437629049608585,-0.010854906949825605
3.5,3.437629049608585,-0.010854906949825605
3.5,3.437629049608585,-0.010854906949825605
3.5,3.437629049608585,-0.010854906949825605
3.5,3.437629049608585,-0.010854906949825605
3.5,-0.1338044505579319,-0.006443335682901896
3.5,-0.1338044505579319,-0.006443335682901896
3.5,-0.1338044505579319,-0.006443335682901896
3.5,-0.1338044505579319,-0.006443335682901896
3.5,-0.1338044505579319,-0.006443335682901896
3.5,-0.1338044505579319,-0.006443335682901896
3.5,3.5,-0.009967950459893515
3.5,3.5,-0.009967950459893515
3.5,3.5,-0.009967950459893515
3.5,3.5,-0.009967950459893515
3.5,3.5,-0.009967950459893515
3.5,3.5,-0.009967950459893515
3.5,3.0972555445173526,-0.004359191851938782
3.5,3.0972555445173526,-0.004359191851938782
3.5,3.0972555445173526,-0.004359191851938782
3.5,3.0972555445173526,-0.004359191851938782
3.5,3.0972555445173526,-0.004359191851938782
3.5,3.0972555445173526,-0.004359191851938782
1.2119808880897942,1.6880259974193166,-0.013837433013943468
1.2119808880897942,1.6880259974193166,-0.013837433013943468
1.2119808880897942,1.6880259974193166,-0.013837433013943468
1.2119808880897942,1.6880259974193166,-0.013837433013943468
1.2119808880897942,1.6880259974193166,-0.013837433013943468
1.2119808880897942,1.6880259974193166,-0.013837433013943468
0.5664850110735209,3.012262279182359,-0.004516261041590752
0.5664850110735209,3.012262279182359,-0.004516261041590752
0.5664850110735209,3.012262279182359,-0.004516261041590752
0.5664850110735209,3.012262279182359,-0.004516261041590752
0.5664850110735209,3.012262279182359,-0.004516261041590752
0.5664850110735209,3.012262279182359,-0.004516261041590752
0.19212064638694315,3.5,0.009484114770560659
0.19212064638694315,3.5,0.009484114770560659
0.19212064638694315,3.5,0.009484114770560659
0.19212064638694315,3.5,0.009484114770560659
0.19212064638694315,3.5,0.009484114770560659
0.19212064638694315,3.5,0.009484114770560659
0.15130355610380875,-1.5544137538826064,-0.03832807857020182
0.15130355610380875,-1.5544137538826064,-0.03832807857020182
0.15130355610380875,-1.5544137538826064,-0.03832807857020182
0.15130355610380875,-1.5544137538826064,-0.03832807857020182
0.15130355610380875,-1.5544137538826064,-0.03832807857020182
0.15130355610380875,-1.5544137538826064,-0.03832807857020182
-0.061697560949454555,1.0473569907848486,-0.03555062471738957
-0.061697560949454555,1.0473569907848486,-0.03555062471738957
-0.061697560949454555,1.0473569907848486,-0.03555062471738957
-0.061697560949454555,1.0473569907848486,-0.03555062471738957
-0.061697560949454555,1.0473569907848486,-0.03555062471738957
-0.061697560949454555,1.0473569907848486,-0.03555062471738957
-0.07179247726528004,1.4322697184589401,0.0006929670859880943
-0.07179247726528004,1.4322697184589401,0.0006929670859880943
-0.07179247726528004,1.4322697184589401,0.0006929670859880943
-0.07179247726528004,1.4322697184589401,0.0006929670859880943
-0.07179247726528004,1.4322697184589401,0.0006929670859880943
-0.07179247726528004,1.4322697184589401,0.0006929670859880943
-0.11875830807314713,-2.590537983012112,0.10245860873010315
-0.11875830807314713,-2.590537983012112,0.10245860873010315
-0.11875830807314713,-2.590537983012112,0.10245860873010315
-0.11875830807314713,-2.590537983012112,0.10245860873010315
-0.11875830807314713,-2.590537983012112,0.10245860873010315
-0.11875830807314713,-2.590537983012112,0.10245860873010315
-0.01214462383837045,3.4707940180073322,0.023929108629658025
-0.01214462383837045,3.4707940180073322,0.023929108629658025
-0.01214462383837045,3.4707940180073322,0.023929108629658025
-0.01214462383837045,3.4707940180073322,0.023929108629658025
-0.01214462383837045,3.4707940180073322,0.023929108629658025
-0.01214462383837045,3.4707940180073322,0.023929108629658025
0.023385393243632535,0.6432966893414758,0.02809114823540515
0.023385393243632535,0.6432966893414758,0.02809114823540515
0.023385393243632535,0.6432966893414758,0.02809114823540515
0.023385393243632535,0.6432966893414758,0.02809114823540515
0.023385393243632535,0.6432966893414758,0.02809114823540515
0.023385393243632535,0.6432966893414758,0.02809114823540515
-0.023484297093109063,-0.5453640076171098,-0.041963596607485165
-0.023484297093109063,-0.5453640076171098,-0.041963596607485165
-0.023484297093109063,-0.5453640076171098,-0.041963596607485165
-0.023484297093109063,-0.5453640076171098,-0.041963596607485165
-0.023484297093109063,-0.5453640076171098,-0.041963596607485165
-0.023484297093109063,-0.5453640076171098,-0.041963596607485165
0.007888727331117451,-1.6158404996412727,-0.032538333390273344
0.007888727331117451,-1.6158404996412727,-0.032538333390273344
0.007888727331117451,-1.6158404996412727,-0.032538333390273344
0.007888727331117451,-1.6158404996412727,-0.032538333390273344
0.007888727331117451,-1.6158404996412727,-0.032538333390273344
0.007888727331117451,-1.6158404996412727,-0.032538333390273344
0.01473119470217199,3.5,0.03524602400053478
0.01473119470217199,3.5,0.03524602400053478
0.01473119470217199,3.5,0.03524602400053478
0.01473119470217199,3.5,0.03524602400053478
0.01473119470217199,3.5,0.03524602400053478
0.01473119470217199,3.5,0.03524602400053478
-0.045372799172387346,2.7702619300046294,0.12854067224917376
-0.045372799172387346,2.7702619300046294,0.12854067224917376
-0.045372799172387346,2.7702619300046294,0.12854067224917376
-0.045372799172387346,2.7702619300046294,0.12854067224917376
-0.045372799172387346,2.7702619300046294,0.12854067224917376
-0.045372799172387346,2.7702619300046294,0.12854067224917376
-0.04498477841265469,-2.4768025616752425,0.04041623615771517
-0.04498477841265469,-2.4768025616752425,0.04041623615771517
-0.04498477841265469,-2.4768025616752425,0.04041623615771517
-0.04498477841265469,-2.4768025616752425,0.04041623615771517
-0.04498477841265469,-2.4768025616752425,0.04041623615771517
-0.04498477841265469,-2.4768025616752425,0.04041623615771517
-0.039960556843908535,-0.4323395358699855,0.03844105637147521
-0.039960556843908535,-0.4323395358699855,0.03844105637147521
-0.039960556843908535,-0.4323395358699855,0.03844105637147521
-0.039960556843908535,-0.4323395358699855,0.03844105637147521
-0.039960556843908535,-0.4323395358699855,0.03844105637147521
-0.039960556843908535,-0.4323395358699855,0.03844105637147521
-0.12086883616506583,-1.906285161814452,-0.0059702858835422035
-0.12086883616506583,-1.906285161814452,-0.0059702858835422035
-0.12086883616506583,-1.906285161814452,-0.0059702858835422035
-0.12086883616506583,-1.906285161814452,-0.0059702858835422035
-0.12086883616506583,-1.906285161814452,-0.0059702858835422035
-0.12086883616506583,-1.906285161814452,-0.0059702858835422035
-0.0755203980713226,1.3321183530654253,0.03763048062424357
-0.0755203980713226,1.3321183530654253,0.03763048062424357
-0.0755203980713226,1.3321183530654253,0.03763048062424357
-0.0755203980713226,1.3321183530654253,0.03763048062424357
-0.0755203980713226,1.3321183530654253,0.03763048062424357
-0.0755203980713226,1.3321183530654253,0.03763048062424357
6.56758784778333e-05,0.2994156309657825,0.08790971710703843
6.56758784778333e-05,0.2994156309657825,0.08790971710703843
6.56758784778333e-05,0.2994156309657825,0.08790971710703843
6.56758784778333e-05,0.2994156309657825,0.08790971710703843
6.56758784778333e-05,0.2994156309657825,0.08790971710703843
6.56758784778333e-05,0.2994156309657825,0.08790971710703843
-0.012109138872624214,-0.9873800500771424,-0.039851783752712144
-0.012109138872624214,-0.9873800500771424,-0.039851783752712144
-0.012109138872624214,-0.9873800500771424,-0.039851783752712144
-0.012109138872624214,-0.9873800500771424,-0.039851783752712144
-0.012109138872624214,-0.9873800500771424,-0.039851783752712144
-0.012109138872624214,-0.9873800500771424,-0.039851783752712144
0.0402305660940705,0.8410432026757064,0.027879950086698635
0.0402305660940705,0.8410432026757064,0.027879950086698635
0.0402305660940705,0.8410432026757064,0.027879950086698635
0.0402305660940705,0.8410432026757064,0.027879950086698635
0.0402305660940705,0.8410432026757064,0.027879950086698635
0.0402305660940705,0.8410432026757064,0.027879950086698635
0.08357391793199298,-1.542545029122401,0.04740681481827025
0.08357391793199298,-1.542545029122401,0.04740681481827025
0.08357391793199298,-1.542545029122401,0.04740681481827025
0.08357391793199298,-1.542545029122401,0.04740681481827025
0.08357391793199298,-1.542545029122401,0.04740681481827025
0.08357391793199298,-1.542545029122401,0.04740681481827025
0.01617755836641166,-0.5094164094939728,0.1404141758704993
0.01617755836641166,-0.5094164094939728,0.1404141758704993
0.01617755836641166,-0.5094164094939728,0.1404141758704993
0.01617755836641166,-0.5094164094939728,0.1404141758704993
0.01617755836641166,-0.5094164094939728,0.1404141758704993
0.01617755836641166,-0.5094164094939728,0.1404141758704993
0.011884463947968271,0.33382041225162595,0.16919632932991302
0.011884463947968271,0.33382041225162595,0.16919632932991302
0.011884463947968271,0.33382041225162595,0.16919632932991302
0.011884463947968271,0.33382041225162595,0.16919632932991302
0.011884463947968271,0.33382041225162595,0.16919632932991302
0.011884463947968271,0.33382041225162595,0.16919632932991302
-0.05178296668842819,3.2112229887478563,-0.017696486564181768
-0.05178296668842819,3.2112229887478563,-0.017696486564181768
-0.05178296668842819,3.2112229887478563,-0.017696486564181768
-0.05178296668842819,3.2112229887478563,-0.017696486564181768
-0.05178296668842819,3.2112229887478563,-0.017696486564181768
-0.05178296668842819,3.2112229887478563,-0.017696486564181768
0.00758047092494607,-2.986524501705148,0.016571738557253468
0.00758047092494607,-2.986524501705148,0.016571738557253468
0.00758047092494607,-2.986524501705148,0.016571738557253468
0.00758047092494607,-2.986524501705148,0.016571738557253468
0.00758047092494607,-2.986524501705148,0.016571738557253468
0.00758047092494607,-2.986524501705148,0.016571738557253468
-0.06712501794073233,1.2958420735238576,0.06943233070272559
-0.06712501794073233,1.2958420735238576,0.06943233070272559
-0.06712501794073233,1.2958420735238576,0.06943233070272559
-0.06712501794073233,1.2958420735238576,0.06943233070272559
-0.06712501794073233,1.2958420735238576,0.06943233070272559
-0.06712501794073233,1.2958420735238576,0.06943233070272559
-0.08146086191363011,-2.891012805496892,0.02542055753659067
-0.08146086191363011,-2.891012805496892,0.02542055753659067
-0.08146086191363011,-2.891012805496892,0.02542055753659067
-0.08146086191363011,-2.891012805496892,0.02542055753659067
-0.08146086191363011,-2.891012805496892,0.02542055753659067
-0.08146086191363011,-2.891012805496892,0.02542055753659067
-0.08178505610164066,-2.4468365539412176,0.020610684863662243
-0.08178505610164066,-2.4468365539412176,0.020610684863662243
-0.08178505610164066,-2.4468365539412176,0.020610684863662243
-0.08178505610164066,-2.4468365539412176,0.020610684863662243
-0.08178505610164066,-2.4468365539412176,0.020610684863662243
-0.08178505610164066,-2.4468365539412176,0.020610684863662243
0.022682107689501407,1.5369896670173162,0.021462284279401445
0.022682107689501407,1.5369896670173162,0.021462284279401445
0.022682107689501407,1.5369896670173162,0.021462284279401445
0.022682107689501407,1.5369896670173162,0.021462284279401445
0.022682107689501407,1.5369896670173162,0.021462284279401445
0.022682107689501407,1.5369896670173162,0.021462284279401445
-0.02947767881209984,3.342221650707849,-0.02513406068493218
-0.02947767881209984,3.342221650707849,-0.02513406068493218
-0.02947767881209984,3.342221650707849,-0.02513406068493218
-0.02947767881209984,3.342221650707849,-0.02513406068493218
-0.02947767881209984,3.342221650707849,-0.02513406068493218
-0.02947767881209984,3.342221650707849,-0.02513406068493218
-0.02017996967002489,-2.541752200487821,0.10047218614482212
-0.02017996967002489,-2.541752200487821,0.10047218614482212
-0.02017996967002489,-2.541752200487821,0.10047218614482212
-0.02017996967002489,-2.541752200487821,0.10047218614482212
-0.02017996967002489,-2.541752200487821,0.10047218614482212
-0.02017996967002489,-2.541752200487821,0.10047218614482212
-0.008098682295365478,-2.839195961623922,0.03763139349224787
-0.008098682295365478,-2.839195961623922,0.03763139349224787
-0.008098682295365478,-2.839195961623922,0.03763139349224787
-0.008098682295365478,-2.839195961623922,0.03763139349224787
-0.008098682295365478,-2.839195961623922,0.03763139349224787
-0.008098682295365478,-2.839195961623922,0.03763139349224787
-0.08960983177037818,-0.08386148083543787,-0.07164287203822095
-0.08960983177037818,-0.08386148083543787,-0.07164287203822095
-0.08960983177037818,-0.08386148083543787,-0.07164287203822095
-0.08960983177037818,-0.08386148083543787,-0.07164287203822095
-0.08960983177037818,-0.08386148083543787,-0.07164287203822095
-0.08960983177037818,-0.08386148083543787,-0.07164287203822095
-0.0732447398436129,2.531245173838478,-0.08982974863589721
-0.0732447398436129,2.531245173838478,-0.08982974863589721
-0.0732447398436129,2.531245173838478,-0.08982974863589721
-0.0732447398436129,2.531245173838478,-0.08982974863589721
-0.0732447398436129,2.531245173838478,-0.08982974863589721
-0.0732447398436129,2.531245173838478,-0.08982974863589721
0.009460026336572724,-0.3757004407780755,-0.13741777180741366
0.009460026336572724,-0.3757004407780755,-0.13741777180741366
0.009460026336572724,-0.3757004407780755,-0.13741777180741366
0.009460026336572724,-0.3757004407780755,-0.13741777180741366
0.009460026336572724,-0.3757004407780755,-0.13741777180741366
0.009460026336572724,-0.3757004407780755,-0.13741777180741366
0.04582447846118498,-3.177913710483068,-0.05281078300092901
0.04582447846118498,-3.177913710483068,-0.05281078300092901
0.04582447846118498,-3.177913710483068,-0.05281078300092901
0.04582447846118498,-3.177913710483068,-0.05281078300092901
0.04582447846118498,-3.177913710483068,-0.05281078300092901
0.04582447846118498,-3.177913710483068,-0.05281078300092901
-0.0562110149532451,-0.1471884482976833,0.009703684235393695
-0.0562110149532451,-0.1471884482976833,0.009703684235393695
-0.0562110149532451,-0.1471884482976833,0.009703684235393695
-0.0562110149532451,-0.1471884482976833,0.009703684235393695
-0.0562110149532451,-0.1471884482976833,0.009703684235393695
-0.0562110149532451,-0.1471884482976833,0.009703684235393695
0.010222952037302946,-0.7931387697015353,-0.008922839282854866
0.010222952037302946,-0.7931387697015353,-0.008922839282854866
0.010222952037302946,-0.7931387697015353,-0.008922839282854866
0.010222952037302946,-0.7931387697015353,-0.008922839282854866
0.010222952037302946,-0.7931387697015353,-0.008922839282854866
0.010222952037302946,-0.7931387697015353,-0.008922839282854866
0.07442850352751051,1.5212606410303025,0.009386474458389138
0.07442850352751051,1.5212606410303025,0.009386474458389138
0.07442850352751051,1.5212606410303025,0.009386474458389138
0.07442850352751051,1.5212606410303025,0.009386474458389138
0.07442850352751051,1.5212606410303025,0.009386474458389138
0.07442850352751051,1.5212606410303025,0.009386474458389138
0.0019527319080694383,0.07773658941346184,0.0023786793430602415
0.0019527319080694383,0.07773658941346184,0.0023786793430602415
0.0019527319080694383,0.07773658941346184,0.0023786793430602415
0.0019527319080694383,0.07773658941346184,0.0023786793430602415
0.0019527319080694383,0.07773658941346184,0.0023786793430602415
0.0019527319080694383,0.07773658941346184,0.0023786793430602415
-0.015557796239463073,0.5924943066752704,0.010593285092245885
-0.015557796239463073,0.5924943066752704,0.010593285092245885
-0.015557796239463073,0.5924943066752704,0.010593285092245885
-0.015557796239463073,0.5924943066752704,0.010593285092245885
-0.015557796239463073,0.5924943066752704,0.010593285092245885
-0.015557796239463073,0.5924943066752704,0.010593285092245885
0.014000929821101238,1.2722603616608836,0.030414304055621955
0.014000929821101238,1.2722603616608836,0.030414304055621955
0.014000929821101238,1.2722603616608836,0.030414304055621955
0.014000929821101238,1.2722603616608836,0.030414304055621955
0.014000929821101238,1.2722603616608836,0.030414304055621955
0.014000929821101238,1.2722603616608836,0.030414304055621955
0.013967507194031725,-2.1722992559366645,-0.024952865850908168
0.013967507194031725,-2.1722992559366645,-0.024952865850908168
0.013967507194031725,-2.1722992559366645,-0.024952865850908168
0.013967507194031725,-2.1722992559366645,-0.024952865850908168
0.013967507194031725,-2.1722992559366645,-0.024952865850908168
0.013967507194031725,-2.1722992559366645,-0.024952865850908168
0.057260699482501565,3.5,0.013626844084873468
0.057260699482501565,3.5,0.013626844084873468
0.057260699482501565,3.5,0.013626844084873468
0.057260699482501565,3.5,0.013626844084873468
0.057260699482501565,3.5,0.013626844084873468
0.057260699482501565,3.5,0.013626844084873468
-0.01162025278524581,2.496746707458854,-0.0053957151245072055
-0.01162025278524581,2.496746707458854,-0.0053957151245072055
-0.01162025278524581,2.496746707458854,-0.0053957151245072055
-0.01162025278524581,2.496746707458854,-0.0053957151245072055
-0.01162025278524581,2.496746707458854,-0.0053957151245072055
-0.01162025278524581,2.496746707458854,-0.0053957151245072055
-0.00022902976779803907,2.722540060526157,0.020424435631898774
-0.00022902976779803907,2.722540060526157,0.020424435631898774
-0.00022902976779803907,2.722540060526157,0.020424435631898774
-0.00022902976779803907,2.722540060526157,0.020424435631898774
-0.00022902976779803907,2.722540060526157,0.020424435631898774
-0.00022902976779803907,2.722540060526157,0.020424435631898774
-0.030313757742899128,-3.6216479475693433,0.0001786153006984037
-0.030313757742899128,-3.6216479475693433,0.0001786153006984037
-0.030313757742899128,-3.6216479475693433,0.0001786153006984037
-0.030313757742899128,-3.6216479475693433,0.0001786153006984037
-0.030313757742899128,-3.6216479475693433,0.0001786153006984037
-0.030313757742899128,-3.6216479475693433,0.0001786153006984037
-0.05007209542812774,2.0182224869801146,-0.04558532028089601
-0.05007209542812774,2.0182224869801146,-0.04558532028089601
-0.05007209542812774,2.0182224869801146,-0.04558532028089601
-0.05007209542812774,2.0182224869801146,-0.04558532028089601
-0.05007209542812774,2.0182224869801146,-0.04558532028089601
-0.05007209542812774,2.0182224869801146,-0.04558532028089601
-0.0014935679418357495,0.9927800845952248,0.006294321357396271
-0.0014935679418357495,0.9927800845952248,0.006294321357396271
-0.0014935679418357495,0.9927800845952248,0.006294321357396271
-0.0014935679418357495,0.9927800845952248,0.006294321357396271
-0.0014935679418357495,0.9927800845952248,0.006294321357396271
-0.0014935679418357495,0.9927800845952248,0.006294321357396271
-0.04667527596824428,-0.6298479654898728,0.13458731369
-0.04667527596824428,-0.6298479654898728,0.13458731369
-0.04667527596824428,-0.6298479654898728,0.13458731369
-0.04667527596824428,-0.6298479654898728,0.13458731369
-0.04667527596824428,-0.6298479654898728,0.13458731369
-0.04667527596824428,-0.6298479654898728,0.13458731369
0.06977626082353083,-0.38613378163950074,0.07835816114000504
0.06977626082353083,-0.38613378163950074,0.07835816114000504
0.06977626082353083,-0.38613378163950074,0.07835816114000504
0.06977626082353083,-0.38613378163950074,0.07835816114000504
0.06977626082353083,-0.38613378163950074,0.07835816114000504
0.06977626082353083,-0.38613378163950074,0.07835816114000504
0.00811520873208238,0.4635767189803488,-0.003341980432827185
0.00811520873208238,0.4635767189803488,-0.003341980432827185
0.00811520873208238,0.4635767189803488,-0.003341980432827185
0.00811520873208238,0.4635767189803488,-0.003341980432827185
0.00811520873208238,0.4635767189803488,-0.003341980432827185
0.00811520873208238,0.4635767189803488,-0.003341980432827185
0.007351336481594473,-2.757021113486637,0.006620263439441665
0.007351336481594473,-2.757021113486637,0.006620263439441665
0.007351336481594473,-2.757021113486637,0.006620263439441665
0.007351336481594473,-2.757021113486637,0.006620263439441665
0.007351336481594473,-2.757021113486637,0.006620263439441665
0.007351336481594473,-2.757021113486637,0.006620263439441665
-0.0126140620078381,3.5,-0.012003828562861862
-0.0126140620078381,3.5,-0.012003828562861862
-0.0126140620078381,3.5,-0.012003828562861862
-0.0126140620078381,3.5,-0.012003828562861862
-0.0126140620078381,3.5,-0.012003828562861862
-0.0126140620078381,3.5,-0.012003828562861862
0.0015404655542461398,-3.0257070368424905,-0.036648353555650104
0.0015404655542461398,-3.0257070368424905,-0.036648353555650104
0.0015404655542461398,-3.0257070368424905,-0.036648353555650104
0.0015404655542461398,-3.0257070368424905,-0.036648353555650104
0.0015404655542461398,-3.0257070368424905,-0.036648353555650104
0.0015404655542461398,-3.0257070368424905,-0.036648353555650104
-0.021863842694124003,3.27585976006565,-0.005819996254722071
-0.021863842694124003,3.27585976006565,-0.005819996254722071
-0.021863842694124003,3.27585976006565,-0.005819996254722071
-0.021863842694124003,3.27585976006565,-0.005819996254722071
-0.021863842694124003,3.27585976006565,-0.005819996254722071
-0.021863842694124003,3.27585976006565,-0.005819996254722071
0.0171262949106179,1.824116760746989,-0.04256654026069562
0.0171262949106179,1.824116760746989,-0.04256654026069562
0.0171262949106179,1.824116760746989,-0.04256654026069562
0.0171262949106179,1.824116760746989,-0.04256654026069562
0.0171262949106179,1.824116760746989,-0.04256654026069562
0.0171262949106179,1.824116760746989,-0.04256654026069562
0.07034667355416602,-2.953237739079654,-0.03760536498725209
0.07034667355416602,-2.953237739079654,-0.03760536498725209
0.07034667355416602,-2.953237739079654,-0.03760536498725209
0.07034667355416602,-2.953237739079654,-0.03760536498725209
0.07034667355416602,-2.953237739079654,-0.03760536498725209
0.07034667355416602,-2.953237739079654,-0.03760536498725209
0.1037582857617032,3.4037524878402152,0.018118807927058
0.1037582857617032,3.4037524878402152,0.018118807927058
0.1037582857617032,3.4037524878402152,0.018118807927058
0.1037582857617032,3.4037524878402152,0.018118807927058
0.1037582857617032,3.4037524878402152,0.018118807927058
0.1037582857617032,3.4037524878402152,0.018118807927058
0.013872115398449125,-0.17119778775270333,-0.07882854494333102
0.013872115398449125,-0.17119778775270333,-0.07882854494333102
0.013872115398449125,-0.17119778775270333,-0.07882854494333102
0.013872115398449125,-0.17119778775270333,-0.07882854494333102
0.013872115398449125,-0.17119778775270333,-0.07882854494333102
0.013872115398449125,-0.17119778775270333,-0.07882854494333102
-0.014659753209162574,-0.02470149231962182,0.021007814301101213
-0.014659753209162574,-0.02470149231962182,0.021007814301101213
-0.014659753209162574,-0.02470149231962182,0.021007814301101213
-0.014659753209162574,-0.02470149231962182,0.021007814301101213
-0.014659753209162574,-0.02470149231962182,0.021007814301101213
-0.014659753209162574,-0.02470149231962182,0.021007814301101213
-0.04810150797322521,-0.9028879767687101,-0.0466476945359382
-0.04810150797322521,-0.9028879767687101,-0.0466476945359382
-0.04810150797322521,-0.9028879767687101,-0.0466476945359382
-0.04810150797322521,-0.9028879767687101,-0.0466476945359382
-0.04810150797322521,-0.9028879767687101,-0.0466476945359382
-0.04810150797322521,-0.9028879767687101,-0.0466476945359382
0.020275202101220913,-0.5966462174565947,-0.11094241961349471
0.020275202101220913,-0.5966462174565947,-0.11094241961349471
0.020275202101220913,-0.5966462174565947,-0.11094241961349471
0.020275202101220913,-0.5966462174565947,-0.11094241961349471
0.020275202101220913,-0.5966462174565947,-0.11094241961349471
0.020275202101220913,-0.5966462174565947,-0.11094241961349471
0.02295640746855554,0.9957328778463079,-0.03465010189548856
0.02295640746855554,0.9957328778463079,-0.03465010189548856
0.02295640746855554,0.9957328778463079,-0.03465010189548856
0.02295640746855554,0.9957328778463079,-0.03465010189548856
0.02295640746855554,0.9957328778463079,-0.03465010189548856
0.02295640746855554,0.9957328778463079,-0.03465010189548856
-0.010961354119832123,0.2732692171823885,0.04751498331641191
-0.010961354119832123,0.2732692171823885,0.04751498331641191
-0.010961354119832123,0.2732692171823885,0.04751498331641191
-0.010961354119832123,0.2732692171823885,0.04751498331641191
-0.010961354119832123,0.2732692171823885,0.04751498331641191
-0.010961354119832123,0.2732692171823885,0.04751498331641191
-0.01787998757553666,-2.631015325385441,0.03661731519950795
-0.01787998757553666,-2.631015325385441,0.03661731519950795
-0.01787998757553666,-2.631015325385441,0.03661731519950795
-0.01787998757553666,-2.631015325385441,0.03661731519950795
-0.01787998757553666,-2.631015325385441,0.03661731519950795
-0.01787998757553666,-2.631015325385441,0.03661731519950795
-0.017597872476802223,1.4668848877332152,0.01664944594044293
-0.017597872476802223,1.4668848877332152,0.01664944594044293
-0.017597872476802223,1.4668848877332152,0.01664944594044293
-0.017597872476802223,1.4668848877332152,0.01664944594044293
-0.017597872476802223,1.4668848877332152,0.01664944594044293
-0.017597872476802223,1.4668848877332152,0.01664944594044293
0.01772368434171412,0.5764368444100967,-0.00033040255458693935
0.01772368434171412,0.5764368444100967,-0.00033040255458693935
0.01772368434171412,0.5764368444100967,-0.00033040255458693935
0.01772368434171412,0.5764368444100967,-0.00033040255458693935
0.01772368434171412,0.5764368444100967,-0.00033040255458693935
0.01772368434171412,0.5764368444100967,-0.00033040255458693935
0.00802032829038879,-1.3433249339484874,-0.014985179057068088
0.00802032829038879,-1.3433249339484874,-0.014985179057068088
0.00802032829038879,-1.3433249339484874,-0.014985179057068088
0.00802032829038879,-1.3433249339484874,-0.014985179057068088
0.00802032829038879,-1.3433249339484874,-0.014985179057068088
0.00802032829038879,-1.3433249339484874,-0.014985179057068088
0.04671357410530419,3.345835120985633,3.5
0.04671357410530419,3.345835120985633,3.5
0.04671357410530419,3.345835120985633,3.5
0.04671357410530419,3.345835120985633,3.5
0.04671357410530419,3.345835120985633,3.5
0.04671357410530419,3.345835120985633,3.5
0.1077388100224006,-1.8729217208252038,3.4428659258014864
0.1077388100224006,-1.8729217208252038,3.4428659258014864
0.1077388100224006,-1.8729217208252038,3.4428659258014864
0.1077388100224006,-1.8729217208252038,3.4428659258014864
0.1077388100224006,-1.8729217208252038,3.4428659258014864
0.1077388100224006,-1.8729217208252038,3.4428659258014864
0.062146774916943315,-1.6370485453554124,0.24083302078112467
0.062146774916943315,-1.6370485453554124,0.24083302078112467
0.062146774916943315,-1.6370485453554124,0.24083302078112467
0.062146774916943315,-1.6370485453554124,0.24083302078112467
0.062146774916943315,-1.6370485453554124,0.24083302078112467
0.062146774916943315,-1.6370485453554124,0.24083302078112467
-0.059154455274210704,2.820442242858846,0.13645536977396056
-0.059154455274210704,2.820442242858846,0.13645536977396056
-0.059154455274210704,2.820442242858846,0.13645536977396056
-0.059154455274210704,2.820442242858846,0.13645536977396056
-0.059154455274210704,2.820442242858846,0.13645536977396056
-0.059154455274210704,2.820442242858846,0.13645536977396056
0.04386283758043419,-0.5219555451391287,0.10312549436159735
0.04386283758043419,-0.5219555451391287,0.10312549436159735
0.04386283758043419,-0.5219555451391287,0.10312549436159735
0.04386283758043419,-0.5219555451391287,0.10312549436159735
0.04386283758043419,-0.5219555451391287,0.10312549436159735
0.04386283758043419,-0.5219555451391287,0.10312549436159735
-0.05557664120726358,1.9604296040664835,0.16009093801945617
-0.05557664120726358,1.9604296040664835,0.16009093801945617
-0.05557664120726358,1.9604296040664835,0.16009093801945617
-0.05557664120726358,1.9604296040664835,0.16009093801945617
-0.05557664120726358,1.9604296040664835,0.16009093801945617
-0.05557664120726358,1.9604296040664835,0.16009093801945617
0.006819137968012257,0.6271775241392987,0.015552182277104976
0.006819137968012257,0.6271775241392987,0.015552182277104976
0.006819137968012257,0.6271775241392987,0.015552182277104976
0.006819137968012257,0.6271775241392987,0.015552182277104976
0.006819137968012257,0.6271775241392987,0.015552182277104976
0.006819137968012257,0.6271775241392987,0.015552182277104976
-0.01900558653708373,-1.8301014492862606,0.038027445103654856
-0.01900558653708373,-1.8301014492862606,0.038027445103654856
-0.01900558653708373,-1.8301014492862606,0.038027445103654856
-0.01900558653708373,-1.8301014492862606,0.038027445103654856
-0.01900558653708373,-1.8301014492862606,0.038027445103654856
-0.01900558653708373,-1.8301014492862606,0.038027445103654856
-0.04169415199308801,-0.4667117262117415,-0.040572746538797944
-0.04169415199308801,-0.4667117262117415,-0.040572746538797944
-0.04169415199308801,-0.4667117262117415,-0.040572746538797944
-0.04169415199308801,-0.4667117262117415,-0.040572746538797944
-0.04169415199308801,-0.4667117262117415,-0.040572746538797944
-0.04169415199308801,-0.4667117262117415,-0.040572746538797944
-6.56,3.195637326680483,0.0011408803759707098
-6.56,3.195637326680483,0.0011408803759707098
-6.56,3.195637326680483,0.0011408803759707098
-6.56,3.195637326680483,0.0011408803759707098
-6.56,3.195637326680483,0.0011408803759707098
-6.56,3.195637326680483,0.0011408803759707098
-6.56,-0.9840065902332071,0.03186199914075871
-6.56,-0.9840065902332071,0.03186199914075871
-6.56,-0.9840065902332071,0.03186199914075871
-6.56,-0.9840065902332071,0.03186199914075871
-6.56,-0.9840065902332071,0.03186199914075871
-6.56,-0.9840065902332071,0.03186199914075871
-2.371479985306806,-6.56,0.10200264182423169
-2.371479985306806,-6.56,0.10200264182423169
-2.371479985306806,-6.56,0.10200264182423169
-2.371479985306806,-6.56,0.10200264182423169
-2.371479985306806,-6.56,0.10200264182423169
-2.371479985306806,-6.56,0.10200264182423169
-1.1877854919468263,-3.2456343745585556,0.12697484152756822
-1.1877854919468263,-3.2456343745585556,0.12697484152756822
-1.1877854919468263,-3.2456343745585556,0.12697484152756822
-1.1877854919468263,-3.2456343745585556,0.12697484152756822
-1.1877854919468263,-3.2456343745585556,0.12697484152756822
-1.1877854919468263,-3.2456343745585556,0.12697484152756822
-0.5224522381491639,-5.125995991221139,0.0071780805989956065
-0.5224522381491639,-5.125995991221139,0.0071780805989956065
-0.5224522381491639,-5.125995991221139,0.0071780805989956065
-0.5224522381491639,-5.125995991221139,0.0071780805989956065
-0.5224522381491639,-5.125995991221139,0.0071780805989956065
-0.5224522381491639,-5.125995991221139,0.0071780805989956065
-0.2755843572981824,-1.3551834157660778,0.0031970298953698517
-0.2755843572981824,-1.3551834157660778,0.0031970298953698517
-0.2755843572981824,-1.3551834157660778,0.0031970298953698517
-0.2755843572981824,-1.3551834157660778,0.0031970298953698517
-0.2755843572981824,-1.3551834157660778,0.0031970298953698517
-0.2755843572981824,-1.3551834157660778,0.0031970298953698517
-0.05326698508037708,-2.2886976039874014,-0.08365708997088461
-0.05326698508037708,-2.2886976039874014,-0.08365708997088461
-0.05326698508037708,-2.2886976039874014,-0.08365708997088461
-0.05326698508037708,-2.2886976039874014,-0.08365708997088461
-0.05326698508037708,-2.2886976039874014,-0.08365708997088461
-0.05326698508037708,-2.2886976039874014,-0.08365708997088461
-0.02252808673744866,0.043769981435609395,-0.03780091044912126
-0.02252808673744866,0.043769981435609395,-0.03780091044912126
-0.02252808673744866,0.043769981435609395,-0.03780091044912126
-0.02252808673744866,0.043769981435609395,-0.03780091044912126
-0.02252808673744866,0.043769981435609395,-0.03780091044912126
-0.02252808673744866,0.043769981435609395,-0.03780091044912126
0.03377580397898683,-2.724483684728945,-0.036469287623067004
0.03377580397898683,-2.724483684728945,-0.036469287623067004
0.03377580397898683,-2.724483684728945,-0.036469287623067004
0.03377580397898683,-2.724483684728945,-0.036469287623067004
0.03377580397898683,-2.724483684728945,-0.036469287623067004
0.03377580397898683,-2.724483684728945,-0.036469287623067004
0.028476643854773442,0.5205055524805502,-0.05328347071029782
0.028476643854773442,0.5205055524805502,-0.05328347071029782
0.028476643854773442,0.5205055524805502,-0.05328347071029782
0.028476643854773442,0.5205055524805502,-0.05328347071029782
0.028476643854773442,0.5205055524805502,-0.05328347071029782
0.028476643854773442,0.5205055524805502,-0.05328347071029782
0.01945685771478267,-0.2542464946143994,0.0017975910824752361
0.01945685771478267,-0.2542464946143994,0.0017975910824752361
0.01945685771478267,-0.2542464946143994,0.0017975910824752361
0.01945685771478267,-0.2542464946143994,0.0017975910824752361
0.01945685771478267,-0.2542464946143994,0.0017975910824752361
0.01945685771478267,-0.2542464946143994,0.0017975910824752361
0.015311160449943628,-0.6084889517343441,0.03578321763602865
0.015311160449943628,-0.6084889517343441,0.03578321763602865
0.015311160449943628,-0.6084889517343441,0.03578321763602865
0.015311160449943628,-0.6084889517343441,0.03578321763602865
0.015311160449943628,-0.6084889517343441,0.03578321763602865
0.015311160449943628,-0.6084889517343441,0.03578321763602865
-0.028393636855660986,-0.48826879280794344,0.029320793274223433
-0.028393636855660986,-0.48826879280794344,0.029320793274223433
-0.028393636855660986,-0.48826879280794344,0.029320793274223433
-0.028393636855660986,-0.48826879280794344,0.029320793274223433
-0.028393636855660986,-0.48826879280794344,0.029320793274223433
-0.028393636855660986,-0.48826879280794344,0.029320793274223433
-0.010912551925944314,-0.47488264509353684,0.06420209965782853
-0.010912551925944314,-0.47488264509353684,0.06420209965782853
-0.010912551925944314,-0.47488264509353684,0.06420209965782853
-0.010912551925944314,-0.47488264509353684,0.06420209965782853
-0.010912551925944314,-0.47488264509353684,0.06420209965782853
-0.010912551925944314,-0.47488264509353684,0.06420209965782853
0.02992721987931546,-0.1782420397160962,-0.08201787203461919
0.02992721987931546,-0.1782420397160962,-0.08201787203461919
0.02992721987931546,-0.1782420397160962,-0.08201787203461919
0.02992721987931546,-0.1782420397160962,-0.08201787203461919
0.02992721987931546,-0.1782420397160962,-0.08201787203461919
0.02992721987931546,-0.1782420397160962,-0.08201787203461919
0.002008421667042626,0.15057774101377674,-0.028896696936058675
0.002008421667042626,0.15057774101377674,-0.028896696936058675
0.002008421667042626,0.15057774101377674,-0.028896696936058675
0.002008421667042626,0.15057774101377674,-0.028896696936058675
0.002008421667042626,0.15057774101377674,-0.028896696936058675
0.002008421667042626,0.15057774101377674,-0.028896696936058675
-0.014638009659186935,1.8299494849807445,0.0013179613731892914
-0.014638009659186935,1.8299494849807445,0.0013179613731892914
-0.014638009659186935,1.8299494849807445,0.0013179613731892914
-0.014638009659186935,1.8299494849807445,0.0013179613731892914
-0.014638009659186935,1.8299494849807445,0.0013179613731892914
-0.014638009659186935,1.8299494849807445,0.0013179613731892914
0.03844008893722872,-0.6978755717618199,0.037914157227611156
0.03844008893722872,-0.6978755717618199,0.037914157227611156
0.03844008893722872,-0.6978755717618199,0.037914157227611156
0.03844008893722872,-0.6978755717618199,0.037914157227611156
0.03844008893722872,-0.6978755717618199,0.037914157227611156
0.03844008893722872,-0.6978755717618199,0.037914157227611156
-0.05467631799567485,-2.332138538582001,-0.08934273574837803
-0.05467631799567485,-2.332138538582001,-0.08934273574837803
-0.05467631799567485,-2.332138538582001,-0.08934273574837803
-0.05467631799567485,-2.332138538582001,-0.08934273574837803
-0.05467631799567485,-2.332138538582001,-0.08934273574837803
-0.05467631799567485,-2.332138538582001,-0.08934273574837803
0.03495136687460487,-1.8575466516342516,-0.0016535402554627154
0.03495136687460487,-1.8575466516342516,-0.0016535402554627154
0.03495136687460487,-1.8575466516342516,-0.0016535402554627154
0.03495136687460487,-1.8575466516342516,-0.0016535402554627154
0.03495136687460487,-1.8575466516342516,-0.0016535402554627154
0.03495136687460487,-1.8575466516342516,-0.0016535402554627154
0.020823653558451838,0.4991914174533463,-0.0072951855459262305
0.020823653558451838,0.4991914174533463,-0.0072951855459262305
0.020823653558451838,0.4991914174533463,-0.0072951855459262305
0.020823653558451838,0.4991914174533463,-0.0072951855459262305
0.020823653558451838,0.4991914174533463,-0.0072951855459262305
0.020823653558451838,0.4991914174533463,-0.0072951855459262305
-0.03298445790531801,-0.6074249784039552,-0.047439563879098756
-0.03298445790531801,-0.6074249784039552,-0.047439563879098756
-0.03298445790531801,-0.6074249784039552,-0.047439563879098756
-0.03298445790531801,-0.6074249784039552,-0.047439563879098756
-0.03298445790531801,-0.6074249784039552,-0.047439563879098756
-0.03298445790531801,-0.6074249784039552,-0.047439563879098756
0.07515384911936351,1.0873310507937717,-0.09279812001411614
0.07515384911936351,1.0873310507937717,-0.09279812001411614
0.07515384911936351,1.0873310507937717,-0.09279812001411614
0.07515384911936351,1.0873310507937717,-0.09279812001411614
0.07515384911936351,1.0873310507937717,-0.09279812001411614
0.07515384911936351,1.0873310507937717,-0.09279812001411614
-0.028398808993014057,-2.5951840930361882,-0.07105268545740095
-0.028398808993014057,-2.5951840930361882,-0.07105268545740095
-0.028398808993014057,-2.5951840930361882,-0.07105268545740095
-0.028398808993014057,-2.5951840930361882,-0.07105268545740095
-0.028398808993014057,-2.5951840930361882,-0.07105268545740095
-0.028398808993014057,-2.5951840930361882,-0.07105268545740095
-0.040319546383052796,0.8138914581291914,-0.12159133594623839
-0.040319546383052796,0.8138914581291914,-0.12159133594623839
-0.040319546383052796,0.8138914581291914,-0.12159133594623839
-0.040319546383052796,0.8138914581291914,-0.12159133594623839
-0.040319546383052796,0.8138914581291914,-0.12159133594623839
-0.040319546383052796,0.8138914581291914,-0.12159133594623839
0.004793772537954766,-0.4470615448207411,-0.0272533894369289
0.004793772537954766,-0.4470615448207411,-0.0272533894369289
0.004793772537954766,-0.4470615448207411,-0.0272533894369289
0.004793772537954766,-0.4470615448207411,-0.0272533894369289
0.004793772537954766,-0.4470615448207411,-0.0272533894369289
0.004793772537954766,-0.4470615448207411,-0.0272533894369289
0.0024827833554432743,1.7057751568667712,0.013648218144917124
0.0024827833554432743,1.7057751568667712,0.013648218144917124
0.0024827833554432743,1.7057751568667712,0.013648218144917124
0.0024827833554432743,1.7057751568667712,0.013648218144917124
0.0024827833554432743,1.7057751568667712,0.013648218144917124
0.0024827833554432743,1.7057751568667712,0.013648218144917124
0.03378287585653439,0.05899749595223369,0.058373009145610055
0.03378287585653439,0.05899749595223369,0.058373009145610055
0.03378287585653439,0.05899749595223369,0.058373009145610055
0.03378287585653439,0.05899749595223369,0.058373009145610055
0.03378287585653439,0.05899749595223369,0.058373009145610055
0.03378287585653439,0.05899749595223369,0.058373009145610055
0.10121112137787591,0.3980986864930358,-0.049820352771751786
0.10121112137787591,0.3980986864930358,-0.049820352771751786
0.10121112137787591,0.3980986864930358,-0.049820352771751786
0.10121112137787591,0.3980986864930358,-0.049820352771751786
0.10121112137787591,0.3980986864930358,-0.049820352771751786
0.10121112137787591,0.3980986864930358,-0.049820352771751786
0.0928765926165731,0.4017628642448443,-0.06161119704448481
0.0928765926165731,0.4017628642448443,-0.06161119704448481
0.0928765926165731,0.4017628642448443,-0.06161119704448481
0.0928765926165731,0.4017628642448443,-0.06161119704448481
0.0928765926165731,0.4017628642448443,-0.06161119704448481
0.0928765926165731,0.4017628642448443,-0.06161119704448481
0.018615221919326075,-0.15323110270607287,-0.00988122524092283
0.018615221919326075,-0.15323110270607287,-0.00988122524092283
0.018615221919326075,-0.15323110270607287,-0.00988122524092283
0.018615221919326075,-0.15323110270607287,-0.00988122524092283
0.018615221919326075,-0.15323110270607287,-0.00988122524092283
0.018615221919326075,-0.15323110270607287,-0.00988122524092283
0.013283395490581995,-0.8398750503205932,-9.735744655792189e-05
0.013283395490581995,-0.8398750503205932,-9.735744655792189e-05
0.013283395490581995,-0.8398750503205932,-9.735744655792189e-05
0.013283395490581995,-0.8398750503205932,-9.735744655792189e-05
0.013283395490581995,-0.8398750503205932,-9.735744655792189e-05
0.013283395490581995,-0.8398750503205932,-9.735744655792189e-05
-0.038453738146543515,0.6321238384226362,0.044137072102694574
-0.038453738146543515,0.6321238384226362,0.044137072102694574
-0.038453738146543515,0.6321238384226362,0.044137072102694574
-0.038453738146543515,0.6321238384226362,0.044137072102694574
-0.038453738146543515,0.6321238384226362,0.044137072102694574
-0.038453738146543515,0.6321238384226362,0.044137072102694574
-0.018613983872345585,0.07290482657865027,0.020499871572452477
-0.018613983872345585,0.07290482657865027,0.020499871572452477
-0.018613983872345585,0.07290482657865027,0.020499871572452477
-0.018613983872345585,0.07290482657865027,0.020499871572452477
-0.018613983872345585,0.07290482657865027,0.020499871572452477
-0.018613983872345585,0.07290482657865027,0.020499871572452477
-0.03441834956605305,-0.18063328058267558,-0.03938788149211092
-0.03441834956605305,-0.18063328058267558,-0.03938788149211092
-0.03441834956605305,-0.18063328058267558,-0.03938788149211092
-0.03441834956605305,-0.18063328058267558,-0.03938788149211092
-0.03441834956605305,-0.18063328058267558,-0.03938788149211092
-0.03441834956605305,-0.18063328058267558,-0.03938788149211092
0.08413426516431954,1.1906871867767492,0.057275196428182795
0.08413426516431954,1.1906871867767492,0.057275196428182795
0.08413426516431954,1.1906871867767492,0.057275196428182795
0.08413426516431954,1.1906871867767492,0.057275196428182795
0.08413426516431954,1.1906871867767492,0.057275196428182795
0.08413426516431954,1.1906871867767492,0.057275196428182795
0.08863113136726852,0.09144655677931013,-0.0065120507470979305
0.08863113136726852,0.09144655677931013,-0.0065120507470979305
0.08863113136726852,0.09144655677931013,-0.0065120507470979305
0.08863113136726852,0.09144655677931013,-0.0065120507470979305
0.08863113136726852,0.09144655677931013,-0.0065120507470979305
0.08863113136726852,0.09144655677931013,-0.0065120507470979305
0.0465313989563505,-1.8146349158767805,-0.048317480969855
0.0465313989563505,-1.8146349158767805,-0.048317480969855
0.0465313989563505,-1.8146349158767805,-0.048317480969855
0.0465313989563505,-1.8146349158767805,-0.048317480969855
0.0465313989563505,-1.8146349158767805,-0.048317480969855
0.0465313989563505,-1.8146349158767805,-0.048317480969855
0.07802118614790388,0.7566070230152349,-0.038359220541993366
0.07802118614790388,0.7566070230152349,-0.038359220541993366
0.07802118614790388,0.7566070230152349,-0.038359220541993366
0.07802118614790388,0.7566070230152349,-0.038359220541993366
0.07802118614790388,0.7566070230152349,-0.038359220541993366
0.07802118614790388,0.7566070230152349,-0.038359220541993366
0.0009538544452816211,2.4354219755767446,0.040229500509694205
0.0009538544452816211,2.4354219755767446,0.040229500509694205
0.0009538544452816211,2.4354219755767446,0.040229500509694205
0.0009538544452816211,2.4354219755767446,0.040229500509694205
0.0009538544452816211,2.4354219755767446,0.040229500509694205
0.0009538544452816211,2.4354219755767446,0.040229500509694205
-0.012165873445844966,-2.5693834639000883,-0.019332388739202955
-0.012165873445844966,-2.5693834639000883,-0.019332388739202955
-0.012165873445844966,-2.5693834639000883,-0.019332388739202955
-0.012165873445844966,-2.5693834639000883,-0.019332388739202955
-0.012165873445844966,-2.5693834639000883,-0.019332388739202955
-0.012165873445844966,-2.5693834639000883,-0.019332388739202955
-0.037215756888144824,-0.684061163113661,-0.09814396288453331
-0.037215756888144824,-0.684061163113661,-0.09814396288453331
-0.037215756888144824,-0.684061163113661,-0.09814396288453331
-0.037215756888144824,-0.684061163113661,-0.09814396288453331
-0.037215756888144824,-0.684061163113661,-0.09814396288453331
-0.037215756888144824,-0.684061163113661,-0.09814396288453331
0.010828217260559825,-0.6494013887896628,-0.07098245165107997
0.010828217260559825,-0.6494013887896628,-0.07098245165107997
0.010828217260559825,-0.6494013887896628,-0.07098245165107997
0.010828217260559825,-0.6494013887896628,-0.07098245165107997
0.010828217260559825,-0.6494013887896628,-0.07098245165107997
0.010828217260559825,-0.6494013887896628,-0.07098245165107997
-0.009321224316241938,1.0258566710460997,-0.08948868686549538
-0.009321224316241938,1.0258566710460997,-0.08948868686549538
-0.009321224316241938,1.0258566710460997,-0.08948868686549538
-0.009321224316241938,1.0258566710460997,-0.08948868686549538
-0.009321224316241938,1.0258566710460997,-0.08948868686549538
-0.009321224316241938,1.0258566710460997,-0.08948868686549538
-0.030981861969998192,-1.6849917083162183,-0.014197028707801707
-0.030981861969998192,-1.6849917083162183,-0.014197028707801707
-0.030981861969998192,-1.6849917083162183,-0.014197028707801707
-0.030981861969998192,-1.6849917083162183,-0.014197028707801707
-0.030981861969998192,-1.6849917083162183,-0.014197028707801707
-0.030981861969998192,-1.6849917083162183,-0.014197028707801707
0.012535349856062084,2.6052462855431813,0.011808837456610988
0.012535349856062084,2.6052462855431813,0.011808837456610988
0.012535349856062084,2.6052462855431813,0.011808837456610988
0.012535349856062084,2.6052462855431813,0.011808837456610988
0.012535349856062084,2.6052462855431813,0.011808837456610988
0.012535349856062084,2.6052462855431813,0.011808837456610988
0.010751137385074827,-0.4754482685803154,0.010288359658819246
0.010751137385074827,-0.4754482685803154,0.010288359658819246
0.010751137385074827,-0.4754482685803154,0.010288359658819246
0.010751137385074827,-0.4754482685803154,0.010288359658819246
0.010751137385074827,-0.4754482685803154,0.010288359658819246
0.010751137385074827,-0.4754482685803154,0.010288359658819246
-0.002288556025447974,-0.884887360084825,-0.04003623515023058
-0.002288556025447974,-0.884887360084825,-0.04003623515023058
-0.002288556025447974,-0.884887360084825,-0.04003623515023058
-0.002288556025447974,-0.884887360084825,-0.04003623515023058
-0.002288556025447974,-0.884887360084825,-0.04003623515023058
-0.002288556025447974,-0.884887360084825,-0.04003623515023058
0.013671132557021792,1.4630360820273438,-0.05397299188514282
0.013671132557021792,1.4630360820273438,-0.05397299188514282
0.013671132557021792,1.4630360820273438,-0.05397299188514282
0.013671132557021792,1.4630360820273438,-0.05397299188514282
0.013671132557021792,1.4630360820273438,-0.05397299188514282
0.013671132557021792,1.4630360820273438,-0.05397299188514282
0.0605443269168191,-0.2638866040758927,-0.06875589874931975
0.0605443269168191,-0.2638866040758927,-0.06875589874931975
0.0605443269168191,-0.2638866040758927,-0.06875589874931975
0.0605443269168191,-0.2638866040758927,-0.06875589874931975
0.0605443269168191,-0.2638866040758927,-0.06875589874931975
0.0605443269168191,-0.2638866040758927,-0.06875589874931975
-0.013862100964885826,-2.401656131278706,0.002633311648033043
-0.013862100964885826,-2.401656131278706,0.002633311648033043
-0.013862100964885826,-2.401656131278706,0.002633311648033043
-0.013862100964885826,-2.401656131278706,0.002633311648033043
-0.013862100964885826,-2.401656131278706,0.002633311648033043
-0.013862100964885826,-2.401656131278706,0.002633311648033043
-0.07239635392315691,1.4999668638673,0.02750227058235133
-0.07239635392315691,1.4999668638673,0.02750227058235133
-0.07239635392315691,1.4999668638673,0.02750227058235133
-0.07239635392315691,1.4999668638673,0.02750227058235133
-0.07239635392315691,1.4999668638673,0.02750227058235133
-0.07239635392315691,1.4999668638673,0.02750227058235133
-0.0333458311878303,-0.49266505103747704,-0.08402672514670328
-0.0333458311878303,-0.49266505103747704,-0.08402672514670328
-0.0333458311878303,-0.49266505103747704,-0.08402672514670328
-0.0333458311878303,-0.49266505103747704,-0.08402672514670328
-0.0333458311878303,-0.49266505103747704,-0.08402672514670328
-0.0333458311878303,-0.49266505103747704,-0.08402672514670328
-0.02131212859042364,-1.3204246652041292,-0.06512685965146403
-0.02131212859042364,-1.3204246652041292,-0.06512685965146403
-0.02131212859042364,-1.3204246652041292,-0.06512685965146403
-0.02131212859042364,-1.3204246652041292,-0.06512685965146403
-0.02131212859042364,-1.3204246652041292,-0.06512685965146403
-0.02131212859042364,-1.3204246652041292,-0.06512685965146403
0.05412608884669723,0.33060293424244946,-0.024169528941030194
0.05412608884669723,0.33060293424244946,-0.024169528941030194
0.05412608884669723,0.33060293424244946,-0.024169528941030194
0.05412608884669723,0.33060293424244946,-0.024169528941030194
0.05412608884669723,0.33060293424244946,-0.024169528941030194
0.05412608884669723,0.33060293424244946,-0.024169528941030194
0.007973287716701805,1.2962474273230242,-0.021849672036776013
0.007973287716701805,1.2962474273230242,-0.021849672036776013
0.007973287716701805,1.2962474273230242,-0.021849672036776013
0.007973287716701805,1.2962474273230242,-0.021849672036776013
0.007973287716701805,1.2962474273230242,-0.021849672036776013
0.007973287716701805,1.2962474273230242,-0.021849672036776013
-0.021175254771996777,-1.860147576972004,-0.01020503722105559
-0.021175254771996777,-1.860147576972004,-0.01020503722105559
-0.021175254771996777,-1.860147576972004,-0.01020503722105559
-0.021175254771996777,-1.860147576972004,-0.01020503722105559
-0.021175254771996777,-1.860147576972004,-0.01020503722105559
-0.021175254771996777,-1.860147576972004,-0.01020503722105559
-0.01318694683887145,2.033539882488789,-0.01632571744683098
-0.01318694683887145,2.033539882488789,-0.01632571744683098
-0.01318694683887145,2.033539882488789,-0.01632571744683098
-0.01318694683887145,2.033539882488789,-0.01632571744683098
-0.01318694683887145,2.033539882488789,-0.01632571744683098
-0.01318694683887145,2.033539882488789,-0.01632571744683098
0.05908860625722312,-2.41706737085439,-0.0403283577408331
0.05908860625722312,-2.41706737085439,-0.0403283577408331
0.05908860625722312,-2.41706737085439,-0.0403283577408331
0.05908860625722312,-2.41706737085439,-0.0403283577408331
0.05908860625722312,-2.41706737085439,-0.0403283577408331
0.05908860625722312,-2.41706737085439,-0.0403283577408331
0.016884857771323425,1.632666146138611,0.029580804812063377
0.016884857771323425,1.632666146138611,0.029580804812063377
0.016884857771323425,1.632666146138611,0.029580804812063377
0.016884857771323425,1.632666146138611,0.029580804812063377
0.016884857771323425,1.632666146138611,0.029580804812063377
0.016884857771323425,1.632666146138611,0.029580804812063377
0.035270710316911646,-0.9802538773202656,0.04122038508645787
0.035270710316911646,-0.9802538773202656,0.04122038508645787
0.035270710316911646,-0.9802538773202656,0.04122038508645787
0.035270710316911646,-0.9802538773202656,0.04122038508645787
0.035270710316911646,-0.9802538773202656,0.04122038508645787
0.035270710316911646,-0.9802538773202656,0.04122038508645787
-0.023414393863209426,0.7346018341591858,0.10318750135179222
-0.023414393863209426,0.7346018341591858,0.10318750135179222
-0.023414393863209426,0.7346018341591858,0.10318750135179222
-0.023414393863209426,0.7346018341591858,0.10318750135179222
-0.023414393863209426,0.7346018341591858,0.10318750135179222
-0.023414393863209426,0.7346018341591858,0.10318750135179222
0.0053016598814217275,-0.20217099900862223,0.03809442611800229
0.0053016598814217275,-0.20217099900862223,0.03809442611800229
0.0053016598814217275,-0.20217099900862223,0.03809442611800229
0.0053016598814217275,-0.20217099900862223,0.03809442611800229
0.0053016598814217275,-0.20217099900862223,0.03809442611800229
0.0053016598814217275,-0.20217099900862223,0.03809442611800229
-0.015130401253685477,-1.0043771555970409,0.011753681079179401
-0.015130401253685477,-1.0043771555970409,0.011753681079179401
-0.015130401253685477,-1.0043771555970409,0.011753681079179401
-0.015130401253685477,-1.0043771555970409,0.011753681079179401
-0.015130401253685477,-1.0043771555970409,0.011753681079179401
-0.015130401253685477,-1.0043771555970409,0.011753681079179401
0.03973703074558799,2.7617560563116896,-0.01241610608644983
0.03973703074558799,2.7617560563116896,-0.01241610608644983
0.03973703074558799,2.7617560563116896,-0.01241610608644983
0.03973703074558799,2.7617560563116896,-0.01241610608644983
0.03973703074558799,2.7617560563116896,-0.01241610608644983
0.03973703074558799,2.7617560563116896,-0.01241610608644983
0.05217030538752354,-2.1253920305306693,-0.007694025450343034
0.05217030538752354,-2.1253920305306693,-0.007694025450343034
0.05217030538752354,-2.1253920305306693,-0.007694025450343034
0.05217030538752354,-2.1253920305306693,-0.007694025450343034
0.05217030538752354,-2.1253920305306693,-0.007694025450343034
0.05217030538752354,-2.1253920305306693,-0.007694025450343034
0.005402108668885575,1.3224993185027927,0.008322255257176892
0.005402108668885575,1.3224993185027927,0.008322255257176892
0.005402108668885575,1.3224993185027927,0.008322255257176892
0.005402108668885575,1.3224993185027927,0.008322255257176892
0.005402108668885575,1.3224993185027927,0.008322255257176892
0.005402108668885575,1.3224993185027927,0.008322255257176892
-0.011527890980328692,-2.3563219874286716,0.041044798108224256
-0.011527890980328692,-2.3563219874286716,0.041044798108224256
-0.011527890980328692,-2.3563219874286716,0.041044798108224256
-0.011527890980328692,-2.3563219874286716,0.041044798108224256
-0.011527890980328692,-2.3563219874286716,0.041044798108224256
-0.011527890980328692,-2.3563219874286716,0.041044798108224256
0.034536047557889304,0.4558427248207977,0.019955146430890025
0.034536047557889304,0.4558427248207977,0.019955146430890025
0.034536047557889304,0.4558427248207977,0.019955146430890025
0.034536047557889304,0.4558427248207977,0.019955146430890025
0.034536047557889304,0.4558427248207977,0.019955146430890025
0.034536047557889304,0.4558427248207977,0.019955146430890025
-0.05781214723039341,-1.6724717655120855,0.005569868098833197
-0.05781214723039341,-1.6724717655120855,0.005569868098833197
-0.05781214723039341,-1.6724717655120855,0.005569868098833197
-0.05781214723039341,-1.6724717655120855,0.005569868098833197
-0.05781214723039341,-1.6724717655120855,0.005569868098833197
-0.05781214723039341,-1.6724717655120855,0.005569868098833197
-0.0271373595005322,0.5235117618276206,-0.01551142877250733
-0.0271373595005322,0.5235117618276206,-0.01551142877250733
-0.0271373595005322,0.5235117618276206,-0.01551142877250733
-0.0271373595005322,0.5235117618276206,-0.01551142877250733
-0.0271373595005322,0.5235117618276206,-0.01551142877250733
-0.0271373595005322,0.5235117618276206,-0.01551142877250733
-0.055149239773719216,-0.021163274665177312,-0.05251889392828524
-0.055149239773719216,-0.021163274665177312,-0.05251889392828524
-0.055149239773719216,-0.021163274665177312,-0.05251889392828524
-0.055149239773719216,-0.021163274665177312,-0.05251889392828524
-0.055149239773719216,-0.021163274665177312,-0.05251889392828524
-0.055149239773719216,-0.021163274665177312,-0.05251889392828524
0.03864224089004864,0.24393836904925337,-0.03322348770492489
0.03864224089004864,0.24393836904925337,-0.03322348770492489
0.03864224089004864,0.24393836904925337,-0.03322348770492489
0.03864224089004864,0.24393836904925337,-0.03322348770492489
0.03864224089004864,0.24393836904925337,-0.03322348770492489
0.03864224089004864,0.24393836904925337,-0.03322348770492489
0.06155370649200265,1.4275285672406994,0.019679128305103433
0.06155370649200265,1.4275285672406994,0.019679128305103433
0.06155370649200265,1.4275285672406994,0.019679128305103433
0.06155370649200265,1.4275285672406994,0.019679128305103433
0.06155370649200265,1.4275285672406994,0.019679128305103433
0.06155370649200265,1.4275285672406994,0.019679128305103433
0.01830466841679268,-0.8623216497606734,-0.009153209127203965
0.01830466841679268,-0.8623216497606734,-0.009153209127203965
0.01830466841679268,-0.8623216497606734,-0.009153209127203965
0.01830466841679268,-0.8623216497606734,-0.009153209127203965
0.01830466841679268,-0.8623216497606734,-0.009153209127203965
0.01830466841679268,-0.8623216497606734,-0.009153209127203965
-0.007421437465151115,-1.708296739364016,0.0643428228946572
-0.007421437465151115,-1.708296739364016,0.0643428228946572
-0.007421437465151115,-1.708296739364016,0.0643428228946572
-0.007421437465151115,-1.708296739364016,0.0643428228946572
-0.007421437465151115,-1.708296739364016,0.0643428228946572
-0.007421437465151115,-1.708296739364016,0.0643428228946572
-0.030820181663028023,-0.21782271152511612,0.01708488035566269
-0.030820181663028023,-0.21782271152511612,0.01708488035566269
-0.030820181663028023,-0.21782271152511612,0.01708488035566269
-0.030820181663028023,-0.21782271152511612,0.01708488035566269
-0.030820181663028023,-0.21782271152511612,0.01708488035566269
-0.030820181663028023,-0.21782271152511612,0.01708488035566269
0.03667244087139565,0.30614329642934734,-0.03146850791913458
0.03667244087139565,0.30614329642934734,-0.03146850791913458
0.03667244087139565,0.30614329642934734,-0.03146850791913458
0.03667244087139565,0.30614329642934734,-0.03146850791913458
0.03667244087139565,0.30614329642934734,-0.03146850791913458
0.03667244087139565,0.30614329642934734,-0.03146850791913458
-0.023836129429056996,-0.6680708308485066,-0.09848035172816694
-0.023836129429056996,-0.6680708308485066,-0.09848035172816694
-0.023836129429056996,-0.6680708308485066,-0.09848035172816694
-0.023836129429056996,-0.6680708308485066,-0.09848035172816694
-0.023836129429056996,-0.6680708308485066,-0.09848035172816694
-0.023836129429056996,-0.6680708308485066,-0.09848035172816694
-0.006229326285886572,1.9532620403365328,-0.02872589811483195
-0.006229326285886572,1.9532620403365328,-0.02872589811483195
-0.006229326285886572,1.9532620403365328,-0.02872589811483195
-0.006229326285886572,1.9532620403365328,-0.02872589811483195
-0.006229326285886572,1.9532620403365328,-0.02872589811483195
-0.006229326285886572,1.9532620403365328,-0.02872589811483195
0.015837071844824635,0.16361725879364286,-0.05743860187747174
0.015837071844824635,0.16361725879364286,-0.05743860187747174
0.015837071844824635,0.16361725879364286,-0.05743860187747174
0.015837071844824635,0.16361725879364286,-0.05743860187747174
0.015837071844824635,0.16361725879364286,-0.05743860187747174
0.015837071844824635,0.16361725879364286,-0.05743860187747174
0.01511168522448969,-1.5157094030808764,-0.01592916856828097
0.01511168522448969,-1.5157094030808764,-0.01592916856828097
0.01511168522448969,-1.5157094030808764,-0.01592916856828097
0.01511168522448969,-1.5157094030808764,-0.01592916856828097
0.01511168522448969,-1.5157094030808764,-0.01592916856828097
0.01511168522448969,-1.5157094030808764,-0.01592916856828097
-0.04079862735307671,0.4429053660974418,-0.0067678990798345495
-0.04079862735307671,0.4429053660974418,-0.0067678990798345495
-0.04079862735307671,0.4429053660974418,-0.0067678990798345495
-0.04079862735307671,0.4429053660974418,-0.0067678990798345495
-0.04079862735307671,0.4429053660974418,-0.0067678990798345495
-0.04079862735307671,0.4429053660974418,-0.0067678990798345495
0.054018273922650906,-0.8792556080415679,-0.06193820045707987
0.054018273922650906,-0.8792556080415679,-0.06193820045707987
0.054018273922650906,-0.8792556080415679,-0.06193820045707987
0.054018273922650906,-0.8792556080415679,-0.06193820045707987
0.054018273922650906,-0.8792556080415679,-0.06193820045707987
0.054018273922650906,-0.8792556080415679,-0.06193820045707987
0.03297563378236745,0.7612852852320771,-0.017342359306741884
0.03297563378236745,0.7612852852320771,-0.017342359306741884
0.03297563378236745,0.7612852852320771,-0.017342359306741884
0.03297563378236745,0.7612852852320771,-0.017342359306741884
0.03297563378236745,0.7612852852320771,-0.017342359306741884
0.03297563378236745,0.7612852852320771,-0.017342359306741884
0.06883531222323924,-1.5417427462490565,-0.03173536977323366
0.06883531222323924,-1.5417427462490565,-0.03173536977323366
0.06883531222323924,-1.5417427462490565,-0.03173536977323366
0.06883531222323924,-1.5417427462490565,-0.03173536977323366
0.06883531222323924,-1.5417427462490565,-0.03173536977323366
0.06883531222323924,-1.5417427462490565,-0.03173536977323366
0.08507673425598483,2.0763735568413964,0.07803588342945389
0.08507673425598483,2.0763735568413964,0.07803588342945389
0.08507673425598483,2.0763735568413964,0.07803588342945389
0.08507673425598483,2.0763735568413964,0.07803588342945389
0.08507673425598483,2.0763735568413964,0.07803588342945389
0.08507673425598483,2.0763735568413964,0.07803588342945389
-0.038760016435940514,-0.09676585064312349,0.04537531498798053
-0.038760016435940514,-0.09676585064312349,0.04537531498798053
-0.038760016435940514,-0.09676585064312349,0.04537531498798053
-0.038760016435940514,-0.09676585064312349,0.04537531498798053
-0.038760016435940514,-0.09676585064312349,0.04537531498798053
-0.038760016435940514,-0.09676585064312349,0.04537531498798053
0.007466717545963064,0.7279801245467326,0.07079188478384779
0.007466717545963064,0.7279801245467326,0.07079188478384779
0.007466717545963064,0.7279801245467326,0.07079188478384779
0.007466717545963064,0.7279801245467326,0.07079188478384779
0.007466717545963064,0.7279801245467326,0.07079188478384779
0.007466717545963064,0.7279801245467326,0.07079188478384779
-0.0547257474572902,-0.5908945244955035,-0.08722910322012112
-0.0547257474572902,-0.5908945244955035,-0.08722910322012112
-0.0547257474572902,-0.5908945244955035,-0.08722910322012112
-0.0547257474572902,-0.5908945244955035,-0.08722910322012112
-0.0547257474572902,-0.5908945244955035,-0.08722910322012112
-0.0547257474572902,-0.5908945244955035,-0.08722910322012112
-0.07389403223637814,-0.4775073806786949,-0.0663561974567557
-0.07389403223637814,-0.4775073806786949,-0.0663561974567557
-0.07389403223637814,-0.4775073806786949,-0.0663561974567557
-0.07389403223637814,-0.4775073806786949,-0.0663561974567557
-0.07389403223637814,-0.4775073806786949,-0.0663561974567557
-0.07389403223637814,-0.4775073806786949,-0.0663561974567557
0.0696374065869989,-0.8902956170511231,0.03244948081042587
0.0696374065869989,-0.8902956170511231,0.03244948081042587
0.0696374065869989,-0.8902956170511231,0.03244948081042587
0.0696374065869989,-0.8902956170511231,0.03244948081042587
0.0696374065869989,-0.8902956170511231,0.03244948081042587
0.0696374065869989,-0.8902956170511231,0.03244948081042587
0.0044242958350118045,1.8053268375652394,-0.03378087531952012
0.0044242958350118045,1.8053268375652394,-0.03378087531952012
0.0044242958350118045,1.8053268375652394,-0.03378087531952012
0.0044242958350118045,1.8053268375652394,-0.03378087531952012
0.0044242958350118045,1.8053268375652394,-0.03378087531952012
0.0044242958350118045,1.8053268375652394,-0.03378087531952012
0.04595417030165905,-1.6909553218220879,0.06448533595619033
0.04595417030165905,-1.6909553218220879,0.06448533595619033
0.04595417030165905,-1.6909553218220879,0.06448533595619033
0.04595417030165905,-1.6909553218220879,0.06448533595619033
0.04595417030165905,-1.6909553218220879,0.06448533595619033
0.04595417030165905,-1.6909553218220879,0.06448533595619033
0.04416273111911906,2.6472873332370455,0.04950802155170919
0.04416273111911906,2.6472873332370455,0.04950802155170919
0.04416273111911906,2.6472873332370455,0.04950802155170919
0.04416273111911906,2.6472873332370455,0.04950802155170919
0.04416273111911906,2.6472873332370455,0.04950802155170919
0.04416273111911906,2.6472873332370455,0.04950802155170919
-0.061652688587894744,-2.310952024016295,0.11465292877703526
-0.061652688587894744,-2.310952024016295,0.11465292877703526
-0.061652688587894744,-2.310952024016295,0.11465292877703526
-0.061652688587894744,-2.310952024016295,0.11465292877703526
-0.061652688587894744,-2.310952024016295,0.11465292877703526
-0.061652688587894744,-2.310952024016295,0.11465292877703526
-0.03577702712152231,3.408023873229723,0.09361198496928935
-0.03577702712152231,3.408023873229723,0.09361198496928935
-0.03577702712152231,3.408023873229723,0.09361198496928935
-0.03577702712152231,3.408023873229723,0.09361198496928935
-0.03577702712152231,3.408023873229723,0.09361198496928935
-0.03577702712152231,3.408023873229723,0.09361198496928935
0.03462785002420077,0.6333352416948514,0.008204914951516429
0.03462785002420077,0.6333352416948514,0.008204914951516429
0.03462785002420077,0.6333352416948514,0.008204914951516429
0.03462785002420077,0.6333352416948514,0.008204914951516429
0.03462785002420077,0.6333352416948514,0.008204914951516429
0.03462785002420077,0.6333352416948514,0.008204914951516429
-0.06411862154909187,0.9629428341713009,-0.022728395794446854
-0.06411862154909187,0.9629428341713009,-0.022728395794446854
-0.06411862154909187,0.9629428341713009,-0.022728395794446854
-0.06411862154909187,0.9629428341713009,-0.022728395794446854
-0.06411862154909187,0.9629428341713009,-0.022728395794446854
-0.06411862154909187,0.9629428341713009,-0.022728395794446854
0.006591823599332969,-2.1312871192597314,0.010877588400513005
0.006591823599332969,-2.1312871192597314,0.010877588400513005
0.006591823599332969,-2.1312871192597314,0.010877588400513005
0.006591823599332969,-2.1312871192597314,0.010877588400513005
0.006591823599332969,-2.1312871192597314,0.010877588400513005
0.006591823599332969,-2.1312871192597314,0.010877588400513005
-0.0007574028715211512,-0.47894509441466226,0.010230166822667641
-0.0007574028715211512,-0.47894509441466226,0.010230166822667641
-0.0007574028715211512,-0.47894509441466226,0.010230166822667641
-0.0007574028715211512,-0.47894509441466226,0.010230166822667641
-0.0007574028715211512,-0.47894509441466226,0.010230166822667641
-0.0007574028715211512,-0.47894509441466226,0.010230166822667641
-0.060642106499201986,1.1313420377788859,-0.08220174584461759
-0.060642106499201986,1.1313420377788859,-0.08220174584461759
-0.060642106499201986,1.1313420377788859,-0.08220174584461759
-0.060642106499201986,1.1313420377788859,-0.08220174584461759
-0.060642106499201986,1.1313420377788859,-0.08220174584461759
-0.060642106499201986,1.1313420377788859,-0.08220174584461759
0.02361567743860249,-1.8708933017483105,0.04888684155980627
0.02361567743860249,-1.8708933017483105,0.04888684155980627
0.02361567743860249,-1.8708933017483105,0.04888684155980627
0.02361567743860249,-1.8708933017483105,0.04888684155980627
0.02361567743860249,-1.8708933017483105,0.04888684155980627
0.02361567743860249,-1.8708933017483105,0.04888684155980627
0.047334019283823636,1.2491883259222263,-0.02877236058607302
0.047334019283823636,1.2491883259222263,-0.02877236058607302
0.047334019283823636,1.2491883259222263,-0.02877236058607302
0.047334019283823636,1.2491883259222263,-0.02877236058607302
0.047334019283823636,1.2491883259222263,-0.02877236058607302
0.047334019283823636,1.2491883259222263,-0.02877236058607302
0.06277652997580674,1.3347960421082519,0.01711319029788605
0.06277652997580674,1.3347960421082519,0.01711319029788605
0.06277652997580674,1.3347960421082519,0.01711319029788605
0.06277652997580674,1.3347960421082519,0.01711319029788605
0.06277652997580674,1.3347960421082519,0.01711319029788605
0.06277652997580674,1.3347960421082519,0.01711319029788605
0.09688054442810312,0.842866966702573,-0.016053850145210546
0.09688054442810312,0.842866966702573,-0.016053850145210546
0.09688054442810312,0.842866966702573,-0.016053850145210546
0.09688054442810312,0.842866966702573,-0.016053850145210546
0.09688054442810312,0.842866966702573,-0.016053850145210546
0.09688054442810312,0.842866966702573,-0.016053850145210546
0.023168602078406764,-0.5909916705108316,0.09624490198216051
0.023168602078406764,-0.5909916705108316,0.09624490198216051
0.023168602078406764,-0.5909916705108316,0.09624490198216051
0.023168602078406764,-0.5909916705108316,0.09624490198216051
0.023168602078406764,-0.5909916705108316,0.09624490198216051
0.023168602078406764,-0.5909916705108316,0.09624490198216051
-0.001893107009369288,-0.7812535322316592,0.04690404977812257
-0.001893107009369288,-0.7812535322316592,0.04690404977812257
-0.001893107009369288,-0.7812535322316592,0.04690404977812257
-0.001893107009369288,-0.7812535322316592,0.04690404977812257
-0.001893107009369288,-0.7812535322316592,0.04690404977812257
-0.001893107009369288,-0.7812535322316592,0.04690404977812257
0.01928129602246642,0.8309608841740328,0.08450748086099935
0.01928129602246642,0.8309608841740328,0.08450748086099935
0.01928129602246642,0.8309608841740328,0.08450748086099935
0.01928129602246642,0.8309608841740328,0.08450748086099935
0.01928129602246642,0.8309608841740328,0.08450748086099935
0.01928129602246642,0.8309608841740328,0.08450748086099935
0.03279554654386985,0.36085923877393355,0.08515154983751927
0.03279554654386985,0.36085923877393355,0.08515154983751927
0.03279554654386985,0.36085923877393355,0.08515154983751927
0.03279554654386985,0.36085923877393355,0.08515154983751927
0.03279554654386985,0.36085923877393355,0.08515154983751927
0.03279554654386985,0.36085923877393355,0.08515154983751927
0.06374199437276928,0.22042940626486995,1.309019603823458e-05
0.06374199437276928,0.22042940626486995,1.309019603823458e-05
0.06374199437276928,0.22042940626486995,1.309019603823458e-05
0.06374199437276928,0.22042940626486995,1.309019603823458e-05
0.06374199437276928,0.22042940626486995,1.309019603823458e-05
0.06374199437276928,0.22042940626486995,1.309019603823458e-05
0.02801268100727583,-0.26297876106056606,0.03858084487944424
0.02801268100727583,-0.26297876106056606,0.03858084487944424
0.02801268100727583,-0.26297876106056606,0.03858084487944424
0.02801268100727583,-0.26297876106056606,0.03858084487944424
0.02801268100727583,-0.26297876106056606,0.03858084487944424
0.02801268100727583,-0.26297876106056606,0.03858084487944424
0.010735009964385256,-1.4601786882215748,0.05077028686224061
0.010735009964385256,-1.4601786882215748,0.05077028686224061
0.010735009964385256,-1.4601786882215748,0.05077028686224061
0.010735009964385256,-1.4601786882215748,0.05077028686224061
0.010735009964385256,-1.4601786882215748,0.05077028686224061
0.010735009964385256,-1.4601786882215748,0.05077028686224061
-0.08752505678751632,1.30973462643216,-0.006552966111696534
-0.08752505678751632,1.30973462643216,-0.006552966111696534
-0.08752505678751632,1.30973462643216,-0.006552966111696534
-0.08752505678751632,1.30973462643216,-0.006552966111696534
-0.08752505678751632,1.30973462643216,-0.006552966111696534
-0.08752505678751632,1.30973462643216,-0.006552966111696534
-0.013548242178465841,-0.4134272602708222,-0.03294698313300515
-0.013548242178465841,-0.4134272602708222,-0.03294698313300515
-0.013548242178465841,-0.4134272602708222,-0.03294698313300515
-0.013548242178465841,-0.4134272602708222,-0.03294698313300515
-0.013548242178465841,-0.4134272602708222,-0.03294698313300515
-0.013548242178465841,-0.4134272602708222,-0.03294698313300515
-0.03462222974330231,0.3360482487189387,-0.0523225784342749
-0.03462222974330231,0.3360482487189387,-0.0523225784342749
-0.03462222974330231,0.3360482487189387,-0.0523225784342749
-0.03462222974330231,0.3360482487189387,-0.0523225784342749
-0.03462222974330231,0.3360482487189387,-0.0523225784342749
-0.03462222974330231,0.3360482487189387,-0.0523225784342749
-0.033422454604952634,-0.6329791366464192,0.06162860299937556
-0.033422454604952634,-0.6329791366464192,0.06162860299937556
-0.033422454604952634,-0.6329791366464192,0.06162860299937556
-0.033422454604952634,-0.6329791366464192,0.06162860299937556
-0.033422454604952634,-0.6329791366464192,0.06162860299937556
-0.033422454604952634,-0.6329791366464192,0.06162860299937556
0.016845889128568103,1.3509199407179864,-0.011224333026387256
0.016845889128568103,1.3509199407179864,-0.011224333026387256
0.016845889128568103,1.3509199407179864,-0.011224333026387256
0.016845889128568103,1.3509199407179864,-0.011224333026387256
0.016845889128568103,1.3509199407179864,-0.011224333026387256
0.016845889128568103,1.3509199407179864,-0.011224333026387256
0.0028269658075998905,-3.697868918595688,-0.056090690415024014
0.0028269658075998905,-3.697868918595688,-0.056090690415024014
0.0028269658075998905,-3.697868918595688,-0.056090690415024014
0.0028269658075998905,-3.697868918595688,-0.056090690415024014
0.0028269658075998905,-3.697868918595688,-0.056090690415024014
0.0028269658075998905,-3.697868918595688,-0.056090690415024014
0.0013820833412871991,0.36040477984102637,0.022986687613244072
0.0013820833412871991,0.36040477984102637,0.022986687613244072
0.0013820833412871991,0.36040477984102637,0.022986687613244072
0.0013820833412871991,0.36040477984102637,0.022986687613244072
0.0013820833412871991,0.36040477984102637,0.022986687613244072
0.0013820833412871991,0.36040477984102637,0.022986687613244072
0.042831316883820136,0.36369838280050004,0.06472647461477088
0.042831316883820136,0.36369838280050004,0.06472647461477088
0.042831316883820136,0.36369838280050004,0.06472647461477088
0.042831316883820136,0.36369838280050004,0.06472647461477088
0.042831316883820136,0.36369838280050004,0.06472647461477088
0.042831316883820136,0.36369838280050004,0.06472647461477088
-0.043811689435557355,-0.47952702685844173,-0.010136713240417095
-0.043811689435557355,-0.47952702685844173,-0.010136713240417095
-0.043811689435557355,-0.47952702685844173,-0.010136713240417095
-0.043811689435557355,-0.47952702685844173,-0.010136713240417095
-0.043811689435557355,-0.47952702685844173,-0.010136713240417095
-0.043811689435557355,-0.47952702685844173,-0.010136713240417095
-0.006260242941372951,-0.5214554118718908,-0.07255256303216484
-0.006260242941372951,-0.5214554118718908,-0.07255256303216484
-0.006260242941372951,-0.5214554118718908,-0.07255256303216484
-0.006260242941372951,-0.5214554118718908,-0.07255256303216484
-0.006260242941372951,-0.5214554118718908,-0.07255256303216484
-0.006260242941372951,-0.5214554118718908,-0.07255256303216484
0.018140801288300423,0.30539831196468725,-0.023965359988363133
0.018140801288300423,0.30539831196468725,-0.023965359988363133
0.018140801288300423,0.30539831196468725,-0.023965359988363133
0.018140801288300423,0.30539831196468725,-0.023965359988363133
0.018140801288300423,0.30539831196468725,-0.023965359988363133
0.018140801288300423,0.30539831196468725,-0.023965359988363133
-0.002269511341367547,-0.270137378296603,-0.050027341727499675
-0.002269511341367547,-0.270137378296603,-0.050027341727499675
-0.002269511341367547,-0.270137378296603,-0.050027341727499675
-0.002269511341367547,-0.270137378296603,-0.050027341727499675
-0.002269511341367547,-0.270137378296603,-0.050027341727499675
-0.002269511341367547,-0.270137378296603,-0.050027341727499675
-0.05429545120618329,0.491622443131277,0.0260989045790474
-0.05429545120618329,0.491622443131277,0.0260989045790474
-0.05429545120618329,0.491622443131277,0.0260989045790474
-0.05429545120618329,0.491622443131277,0.0260989045790474
-0.05429545120618329,0.491622443131277,0.0260989045790474
-0.05429545120618329,0.491622443131277,0.0260989045790474
-0.004755582678985348,0.5996953415230806,-0.029981928940102875
-0.004755582678985348,0.5996953415230806,-0.029981928940102875
-0.004755582678985348,0.5996953415230806,-0.029981928940102875
-0.004755582678985348,0.5996953415230806,-0.029981928940102875
-0.004755582678985348,0.5996953415230806,-0.029981928940102875
-0.004755582678985348,0.5996953415230806,-0.029981928940102875
0.030185689860957154,-1.5505941071375418,-0.03577991660708335
0.030185689860957154,-1.5505941071375418,-0.03577991660708335
0.030185689860957154,-1.5505941071375418,-0.03577991660708335
0.030185689860957154,-1.5505941071375418,-0.03577991660708335
0.030185689860957154,-1.5505941071375418,-0.03577991660708335
0.030185689860957154,-1.5505941071375418,-0.03577991660708335
0.04209397018643202,0.9125219707788332,0.022772649656888078
0.04209397018643202,0.9125219707788332,0.022772649656888078
0.04209397018643202,0.9125219707788332,0.022772649656888078
0.04209397018643202,0.9125219707788332,0.022772649656888078
0.04209397018643202,0.9125219707788332,0.022772649656888078
0.04209397018643202,0.9125219707788332,0.022772649656888078
-0.050788330121491754,-0.646640941029176,-0.030523207770846383
-0.050788330121491754,-0.646640941029176,-0.030523207770846383
-0.050788330121491754,-0.646640941029176,-0.030523207770846383
-0.050788330121491754,-0.646640941029176,-0.030523207770846383
-0.050788330121491754,-0.646640941029176,-0.030523207770846383
-0.050788330121491754,-0.646640941029176,-0.030523207770846383
-0.04905122566361797,0.4390815085364892,-0.003441803301811319
-0.04905122566361797,0.4390815085364892,-0.003441803301811319
-0.04905122566361797,0.4390815085364892,-0.003441803301811319
-0.04905122566361797,0.4390815085364892,-0.003441803301811319
-0.04905122566361797,0.4390815085364892,-0.003441803301811319
-0.04905122566361797,0.4390815085364892,-0.003441803301811319
0.0010864500136626987,1.3881886232791842,0.003141402049658737
0.0010864500136626987,1.3881886232791842,0.003141402049658737
0.0010864500136626987,1.3881886232791842,0.003141402049658737
0.0010864500136626987,1.3881886232791842,0.003141402049658737
0.0010864500136626987,1.3881886232791842,0.003141402049658737
0.0010864500136626987,1.3881886232791842,0.003141402049658737
0.0988048123158336,0.868399189191436,-0.0514691070119202
0.0988048123158336,0.868399189191436,-0.0514691070119202
0.0988048123158336,0.868399189191436,-0.0514691070119202
0.0988048123158336,0.868399189191436,-0.0514691070119202
0.0988048123158336,0.868399189191436,-0.0514691070119202
0.0988048123158336,0.868399189191436,-0.0514691070119202
0.04812181534947868,-1.0278935783151582,0.010255352012269014
0.04812181534947868,-1.0278935783151582,0.010255352012269014
0.04812181534947868,-1.0278935783151582,0.010255352012269014
0.04812181534947868,-1.0278935783151582,0.010255352012269014
0.04812181534947868,-1.0278935783151582,0.010255352012269014
0.04812181534947868,-1.0278935783151582,0.010255352012269014
0.018942983501176514,0.14303588282353275,-0.11428392547225563
0.018942983501176514,0.14303588282353275,-0.11428392547225563
0.018942983501176514,0.14303588282353275,-0.11428392547225563
0.018942983501176514,0.14303588282353275,-0.11428392547225563
0.018942983501176514,0.14303588282353275,-0.11428392547225563
0.018942983501176514,0.14303588282353275,-0.11428392547225563
0.05115725322615816,-0.3755882360327547,0.018612813562477015
0.05115725322615816,-0.3755882360327547,0.018612813562477015
0.05115725322615816,-0.3755882360327547,0.018612813562477015
0.05115725322615816,-0.3755882360327547,0.018612813562477015
0.05115725322615816,-0.3755882360327547,0.018612813562477015
0.05115725322615816,-0.3755882360327547,0.018612813562477015
-0.03445768535810245,-0.986208553876267,0.05256359281528944
-0.03445768535810245,-0.986208553876267,0.05256359281528944
-0.03445768535810245,-0.986208553876267,0.05256359281528944
-0.03445768535810245,-0.986208553876267,0.05256359281528944
-0.03445768535810245,-0.986208553876267,0.05256359281528944
-0.03445768535810245,-0.986208553876267,0.05256359281528944
0.01595450162886891,0.37750611465802564,0.03855789201436011
0.01595450162886891,0.37750611465802564,0.03855789201436011
0.01595450162886891,0.37750611465802564,0.03855789201436011
0.01595450162886891,0.37750611465802564,0.03855789201436011
0.01595450162886891,0.37750611465802564,0.03855789201436011
0.01595450162886891,0.37750611465802564,0.03855789201436011
0.033852428803893275,0.15256560299072675,0.10167591501958917
0.033852428803893275,0.15256560299072675,0.10167591501958917
0.033852428803893275,0.15256560299072675,0.10167591501958917
0.033852428803893275,0.15256560299072675,0.10167591501958917
0.033852428803893275,0.15256560299072675,0.10167591501958917
0.033852428803893275,0.15256560299072675,0.10167591501958917
0.008774971151375155,0.4624663863573488,0.07222721475501892
0.008774971151375155,0.4624663863573488,0.07222721475501892
0.008774971151375155,0.4624663863573488,0.07222721475501892
0.008774971151375155,0.4624663863573488,0.07222721475501892
0.008774971151375155,0.4624663863573488,0.07222721475501892
0.008774971151375155,0.4624663863573488,0.07222721475501892
0.02975277755880512,1.572187476458197,0.0017971974222028564
0.02975277755880512,1.572187476458197,0.0017971974222028564
0.02975277755880512,1.572187476458197,0.0017971974222028564
0.02975277755880512,1.572187476458197,0.0017971974222028564
0.02975277755880512,1.572187476458197,0.0017971974222028564
0.02975277755880512,1.572187476458197,0.0017971974222028564
0.030306118830822015,-2.0343147764050613,-0.007416698908190966
0.030306118830822015,-2.0343147764050613,-0.007416698908190966
0.030306118830822015,-2.0343147764050613,-0.007416698908190966
0.030306118830822015,-2.0343147764050613,-0.007416698908190966
0.030306118830822015,-2.0343147764050613,-0.007416698908190966
0.030306118830822015,-2.0343147764050613,-0.007416698908190966
-0.014149745731323549,0.07117833039468024,0.013143273588656967
-0.014149745731323549,0.07117833039468024,0.013143273588656967
-0.014149745731323549,0.07117833039468024,0.013143273588656967
-0.014149745731323549,0.07117833039468024,0.013143273588656967
-0.014149745731323549,0.07117833039468024,0.013143273588656967
-0.014149745731323549,0.07117833039468024,0.013143273588656967
0.06249097440619167,-0.4647321081361042,-0.034786038260207874
0.06249097440619167,-0.4647321081361042,-0.034786038260207874
0.06249097440619167,-0.4647321081361042,-0.034786038260207874
0.06249097440619167,-0.4647321081361042,-0.034786038260207874
0.06249097440619167,-0.4647321081361042,-0.034786038260207874
0.06249097440619167,-0.4647321081361042,-0.034786038260207874
0.06789272870560836,-0.37753616580602767,-0.025543785167931432
0.06789272870560836,-0.37753616580602767,-0.025543785167931432
0.06789272870560836,-0.37753616580602767,-0.025543785167931432
0.06789272870560836,-0.37753616580602767,-0.025543785167931432
0.06789272870560836,-0.37753616580602767,-0.025543785167931432
0.06789272870560836,-0.37753616580602767,-0.025543785167931432
-0.06941009237786844,0.9570427063342777,0.060409084278097325
-0.06941009237786844,0.9570427063342777,0.060409084278097325
-0.06941009237786844,0.9570427063342777,0.060409084278097325
-0.06941009237786844,0.9570427063342777,0.060409084278097325
-0.06941009237786844,0.9570427063342777,0.060409084278097325
-0.06941009237786844,0.9570427063342777,0.060409084278097325
-0.008341349297392497,1.590069663806041,-0.0073835675111126875
-0.008341349297392497,1.590069663806041,-0.0073835675111126875
-0.008341349297392497,1.590069663806041,-0.0073835675111126875
-0.008341349297392497,1.590069663806041,-0.0073835675111126875
-0.008341349297392497,1.590069663806041,-0.0073835675111126875
-0.008341349297392497,1.590069663806041,-0.0073835675111126875
0.07037023716518931,-1.1775401023213306,0.03736287831882201
0.07037023716518931,-1.1775401023213306,0.03736287831882201
0.07037023716518931,-1.1775401023213306,0.03736287831882201
0.07037023716518931,-1.1775401023213306,0.03736287831882201
0.07037023716518931,-1.1775401023213306,0.03736287831882201
0.07037023716518931,-1.1775401023213306,0.03736287831882201
0.048318642016180746,1.5504453190283343,-0.033927661168988266
0.048318642016180746,1.5504453190283343,-0.033927661168988266
0.048318642016180746,1.5504453190283343,-0.033927661168988266
0.048318642016180746,1.5504453190283343,-0.033927661168988266
0.048318642016180746,1.5504453190283343,-0.033927661168988266
0.048318642016180746,1.5504453190283343,-0.033927661168988266
-0.09024940693344519,0.5792300005365973,0.0007106969690973131
-0.09024940693344519,0.5792300005365973,0.0007106969690973131
-0.09024940693344519,0.5792300005365973,0.0007106969690973131
-0.09024940693344519,0.5792300005365973,0.0007106969690973131
-0.09024940693344519,0.5792300005365973,0.0007106969690973131
-0.09024940693344519,0.5792300005365973,0.0007106969690973131
0.032916988428695504,-1.3154932032133857,-0.07768076643222166
0.032916988428695504,-1.3154932032133857,-0.07768076643222166
0.032916988428695504,-1.3154932032133857,-0.07768076643222166
0.032916988428695504,-1.3154932032133857,-0.07768076643222166
0.032916988428695504,-1.3154932032133857,-0.07768076643222166
0.032916988428695504,-1.3154932032133857,-0.07768076643222166
-0.018303289758474506,0.04460770996846719,-0.0667161211023295
-0.018303289758474506,0.04460770996846719,-0.0667161211023295
-0.018303289758474506,0.04460770996846719,-0.0667161211023295
-0.018303289758474506,0.04460770996846719,-0.0667161211023295
-0.018303289758474506,0.04460770996846719,-0.0667161211023295
-0.018303289758474506,0.04460770996846719,-0.0667161211023295
-0.021302076832107275,-0.0490612767747578,-0.0016202867294534684
-0.021302076832107275,-0.0490612767747578,-0.0016202867294534684
-0.021302076832107275,-0.0490612767747578,-0.0016202867294534684
-0.021302076832107275,-0.0490612767747578,-0.0016202867294534684
-0.021302076832107275,-0.0490612767747578,-0.0016202867294534684
-0.021302076832107275,-0.0490612767747578,-0.0016202867294534684
-0.03656865577711699,1.2939247089159238,0.03616493857362002
-0.03656865577711699,1.2939247089159238,0.03616493857362002
-0.03656865577711699,1.2939247089159238,0.03616493857362002
-0.03656865577711699,1.2939247089159238,0.03616493857362002
-0.03656865577711699,1.2939247089159238,0.03616493857362002
-0.03656865577711699,1.2939247089159238,0.03616493857362002
0.001172231190842865,-1.2307177049338307,-0.05317262183318938
0.001172231190842865,-1.2307177049338307,-0.05317262183318938
0.001172231190842865,-1.2307177049338307,-0.05317262183318938
0.001172231190842865,-1.2307177049338307,-0.05317262183318938
0.001172231190842865,-1.2307177049338307,-0.05317262183318938
0.001172231190842865,-1.2307177049338307,-0.05317262183318938
-0.05270191717746542,-0.07722943173877894,-0.06355127536632388
-0.05270191717746542,-0.07722943173877894,-0.06355127536632388
-0.05270191717746542,-0.07722943173877894,-0.06355127536632388
-0.05270191717746542,-0.07722943173877894,-0.06355127536632388
-0.05270191717746542,-0.07722943173877894,-0.06355127536632388
-0.05270191717746542,-0.07722943173877894,-0.06355127536632388
0.004752731252374076,2.466231489071575,-0.09889775647360288
0.004752731252374076,2.466231489071575,-0.09889775647360288
0.004752731252374076,2.466231489071575,-0.09889775647360288
0.004752731252374076,2.466231489071575,-0.09889775647360288
0.004752731252374076,2.466231489071575,-0.09889775647360288
0.004752731252374076,2.466231489071575,-0.09889775647360288
-0.011145241931199479,-0.627683127240573,-0.0807153232137452
-0.011145241931199479,-0.627683127240573,-0.0807153232137452
-0.011145241931199479,-0.627683127240573,-0.0807153232137452
-0.011145241931199479,-0.627683127240573,-0.0807153232137452
-0.011145241931199479,-0.627683127240573,-0.0807153232137452
-0.011145241931199479,-0.627683127240573,-0.0807153232137452
-0.030128817408915154,1.1029171859321494,-0.003759277282064488
-0.030128817408915154,1.1029171859321494,-0.003759277282064488
-0.030128817408915154,1.1029171859321494,-0.003759277282064488
-0.030128817408915154,1.1029171859321494,-0.003759277282064488
-0.030128817408915154,1.1029171859321494,-0.003759277282064488
-0.030128817408915154,1.1029171859321494,-0.003759277282064488
0.006105633885955086,-2.855766132333308,0.010186464802242057
0.006105633885955086,-2.855766132333308,0.010186464802242057
0.006105633885955086,-2.855766132333308,0.010186464802242057
0.006105633885955086,-2.855766132333308,0.010186464802242057
0.006105633885955086,-2.855766132333308,0.010186464802242057
0.006105633885955086,-2.855766132333308,0.010186464802242057
0.029246384908013567,0.2618203082549897,0.02634101782843601
0.029246384908013567,0.2618203082549897,0.02634101782843601
0.029246384908013567,0.2618203082549897,0.02634101782843601
0.029246384908013567,0.2618203082549897,0.02634101782843601
0.029246384908013567,0.2618203082549897,0.02634101782843601
0.029246384908013567,0.2618203082549897,0.02634101782843601
-0.04739667564369654,-1.2258168738694053,0.01214985861250284
-0.04739667564369654,-1.2258168738694053,0.01214985861250284
-0.04739667564369654,-1.2258168738694053,0.01214985861250284
-0.04739667564369654,-1.2258168738694053,0.01214985861250284
-0.04739667564369654,-1.2258168738694053,0.01214985861250284
-0.04739667564369654,-1.2258168738694053,0.01214985861250284
-0.0068576519498044775,1.8337241913617248,-0.01204343366748084
-0.0068576519498044775,1.8337241913617248,-0.01204343366748084
-0.0068576519498044775,1.8337241913617248,-0.01204343366748084
-0.0068576519498044775,1.8337241913617248,-0.01204343366748084
-0.0068576519498044775,1.8337241913617248,-0.01204343366748084
-0.0068576519498044775,1.8337241913617248,-0.01204343366748084
-0.0261562559905002,-0.5120969176526557,-0.017159580414370268
-0.0261562559905002,-0.5120969176526557,-0.017159580414370268
-0.0261562559905002,-0.5120969176526557,-0.017159580414370268
-0.0261562559905002,-0.5120969176526557,-0.017159580414370268
-0.0261562559905002,-0.5120969176526557,-0.017159580414370268
-0.0261562559905002,-0.5120969176526557,-0.017159580414370268
-0.08541357924196191,-0.23841224552337792,-0.07295442537528629
-0.08541357924196191,-0.23841224552337792,-0.07295442537528629
-0.08541357924196191,-0.23841224552337792,-0.07295442537528629
-0.08541357924196191,-0.23841224552337792,-0.07295442537528629
-0.08541357924196191,-0.23841224552337792,-0.07295442537528629
-0.08541357924196191,-0.23841224552337792,-0.07295442537528629
-0.03038019654670876,-1.4895394368121728,-0.08514708495232703
-0.03038019654670876,-1.4895394368121728,-0.08514708495232703
-0.03038019654670876,-1.4895394368121728,-0.08514708495232703
-0.03038019654670876,-1.4895394368121728,-0.08514708495232703
-0.03038019654670876,-1.4895394368121728,-0.08514708495232703
-0.03038019654670876,-1.4895394368121728,-0.08514708495232703
0.018812464728053868,0.8679550492724246,-0.11013497931525329
0.018812464728053868,0.8679550492724246,-0.11013497931525329
0.018812464728053868,0.8679550492724246,-0.11013497931525329
0.018812464728053868,0.8679550492724246,-0.11013497931525329
0.018812464728053868,0.8679550492724246,-0.11013497931525329
0.018812464728053868,0.8679550492724246,-0.11013497931525329
0.03014960939358602,0.12457763412010081,-0.11136493533899561
0.03014960939358602,0.12457763412010081,-0.11136493533899561
0.03014960939358602,0.12457763412010081,-0.11136493533899561
0.03014960939358602,0.12457763412010081,-0.11136493533899561
0.03014960939358602,0.12457763412010081,-0.11136493533899561
0.03014960939358602,0.12457763412010081,-0.11136493533899561
0.07997309643916495,-0.0721151998433669,-0.12712855074551577
0.07997309643916495,-0.0721151998433669,-0.12712855074551577
0.07997309643916495,-0.0721151998433669,-0.12712855074551577
0.07997309643916495,-0.0721151998433669,-0.12712855074551577
0.07997309643916495,-0.0721151998433669,-0.12712855074551577
0.07997309643916495,-0.0721151998433669,-0.12712855074551577
-0.007097984610375363,-0.2311793488471352,-0.13732436142774596
-0.007097984610375363,-0.2311793488471352,-0.13732436142774596
-0.007097984610375363,-0.2311793488471352,-0.13732436142774596
-0.007097984610375363,-0.2311793488471352,-0.13732436142774596
-0.007097984610375363,-0.2311793488471352,-0.13732436142774596
-0.007097984610375363,-0.2311793488471352,-0.13732436142774596
-0.05049399863111148,0.15603151567398754,-0.010000695080133681
-0.05049399863111148,0.15603151567398754,-0.010000695080133681
-0.05049399863111148,0.15603151567398754,-0.010000695080133681
-0.05049399863111148,0.15603151567398754,-0.010000695080133681
-0.05049399863111148,0.15603151567398754,-0.010000695080133681
-0.05049399863111148,0.15603151567398754,-0.010000695080133681
-0.07989449796736992,-0.027297251257294874,0.05629577294451593
-0.07989449796736992,-0.027297251257294874,0.05629577294451593
-0.07989449796736992,-0.027297251257294874,0.05629577294451593
-0.07989449796736992,-0.027297251257294874,0.05629577294451593
-0.07989449796736992,-0.027297251257294874,0.05629577294451593
-0.07989449796736992,-0.027297251257294874,0.05629577294451593
-0.036972289722132956,0.9203596489052899,0.01984770008378689
-0.036972289722132956,0.9203596489052899,0.01984770008378689
-0.036972289722132956,0.9203596489052899,0.01984770008378689
-0.036972289722132956,0.9203596489052899,0.01984770008378689
-0.036972289722132956,0.9203596489052899,0.01984770008378689
-0.036972289722132956,0.9203596489052899,0.01984770008378689
-0.043892680542825246,-0.6475090112723052,0.03538831516826946
-0.043892680542825246,-0.6475090112723052,0.03538831516826946
-0.043892680542825246,-0.6475090112723052,0.03538831516826946
-0.043892680542825246,-0.6475090112723052,0.03538831516826946
-0.043892680542825246,-0.6475090112723052,0.03538831516826946
-0.043892680542825246,-0.6475090112723052,0.03538831516826946
0.03524006922916101,-1.4486261537279503,0.015263906747669864
0.03524006922916101,-1.4486261537279503,0.015263906747669864
0.03524006922916101,-1.4486261537279503,0.015263906747669864
0.03524006922916101,-1.4486261537279503,0.015263906747669864
0.03524006922916101,-1.4486261537279503,0.015263906747669864
0.03524006922916101,-1.4486261537279503,0.015263906747669864
-0.00561248941982484,0.21326203651108955,-0.12277248749514946
-0.00561248941982484,0.21326203651108955,-0.12277248749514946
-0.00561248941982484,0.21326203651108955,-0.12277248749514946
-0.00561248941982484,0.21326203651108955,-0.12277248749514946
-0.00561248941982484,0.21326203651108955,-0.12277248749514946
-0.00561248941982484,0.21326203651108955,-0.12277248749514946
0.10056170247916185,2.275277746211678,-0.10124395997687152
0.10056170247916185,2.275277746211678,-0.10124395997687152
0.10056170247916185,2.275277746211678,-0.10124395997687152
0.10056170247916185,2.275277746211678,-0.10124395997687152
0.10056170247916185,2.275277746211678,-0.10124395997687152
0.10056170247916185,2.275277746211678,-0.10124395997687152
0.11552872881375364,0.515579493797631,-0.003930284768385306
0.11552872881375364,0.515579493797631,-0.003930284768385306
0.11552872881375364,0.515579493797631,-0.003930284768385306
0.11552872881375364,0.515579493797631,-0.003930284768385306
0.11552872881375364,0.515579493797631,-0.003930284768385306
0.11552872881375364,0.515579493797631,-0.003930284768385306
0.08218832994792535,0.38747414215836784,-0.01267436674702438
0.08218832994792535,0.38747414215836784,-0.01267436674702438
0.08218832994792535,0.38747414215836784,-0.01267436674702438
0.08218832994792535,0.38747414215836784,-0.01267436674702438
0.08218832994792535,0.38747414215836784,-0.01267436674702438
0.08218832994792535,0.38747414215836784,-0.01267436674702438
0.025062833289410946,-2.5630589639495582,0.047057232901002166
0.025062833289410946,-2.5630589639495582,0.047057232901002166
0.025062833289410946,-2.5630589639495582,0.047057232901002166
0.025062833289410946,-2.5630589639495582,0.047057232901002166
0.025062833289410946,-2.5630589639495582,0.047057232901002166
0.025062833289410946,-2.5630589639495582,0.047057232901002166
0.02955909571374704,3.5,0.061244105653527114
0.02955909571374704,3.5,0.061244105653527114
0.02955909571374704,3.5,0.061244105653527114
0.02955909571374704,3.5,0.061244105653527114
0.02955909571374704,3.5,0.061244105653527114
0.02955909571374704,3.5,0.061244105653527114
0.013008558241541124,0.3243011508279352,0.0762577183787645
0.013008558241541124,0.3243011508279352,0.0762577183787645
0.013008558241541124,0.3243011508279352,0.0762577183787645
0.013008558241541124,0.3243011508279352,0.0762577183787645
0.013008558241541124,0.3243011508279352,0.0762577183787645
0.013008558241541124,0.3243011508279352,0.0762577183787645
0.023363525612186464,-0.390267809736379,-0.04320661491115807
0.023363525612186464,-0.390267809736379,-0.04320661491115807
0.023363525612186464,-0.390267809736379,-0.04320661491115807
0.023363525612186464,-0.390267809736379,-0.04320661491115807
0.023363525612186464,-0.390267809736379,-0.04320661491115807
0.023363525612186464,-0.390267809736379,-0.04320661491115807
0.0894811221050773,1.145882166205034,0.03193565351626404
0.0894811221050773,1.145882166205034,0.03193565351626404
0.0894811221050773,1.145882166205034,0.03193565351626404
0.0894811221050773,1.145882166205034,0.03193565351626404
0.0894811221050773,1.145882166205034,0.03193565351626404
0.0894811221050773,1.145882166205034,0.03193565351626404
0.05879383756492729,-1.9830713730612075,-0.007846861852589981
0.05879383756492729,-1.9830713730612075,-0.007846861852589981
0.05879383756492729,-1.9830713730612075,-0.007846861852589981
0.05879383756492729,-1.9830713730612075,-0.007846861852589981
0.05879383756492729,-1.9830713730612075,-0.007846861852589981
0.05879383756492729,-1.9830713730612075,-0.007846861852589981
0.051135251636164725,-0.8258793847771031,0.052869670191759255
0.051135251636164725,-0.8258793847771031,0.052869670191759255
0.051135251636164725,-0.8258793847771031,0.052869670191759255
0.051135251636164725,-0.8258793847771031,0.052869670191759255
0.051135251636164725,-0.8258793847771031,0.052869670191759255
0.051135251636164725,-0.8258793847771031,0.052869670191759255
0.09495035961885279,2.6286333619281237,-0.00031758425962991055
0.09495035961885279,2.6286333619281237,-0.00031758425962991055
0.09495035961885279,2.6286333619281237,-0.00031758425962991055
0.09495035961885279,2.6286333619281237,-0.00031758425962991055
0.09495035961885279,2.6286333619281237,-0.00031758425962991055
0.09495035961885279,2.6286333619281237,-0.00031758425962991055
0.08298734356748128,-0.6104963418873126,-0.09025628231293403
0.08298734356748128,-0.6104963418873126,-0.09025628231293403
0.08298734356748128,-0.6104963418873126,-0.09025628231293403
0.08298734356748128,-0.6104963418873126,-0.09025628231293403
0.08298734356748128,-0.6104963418873126,-0.09025628231293403
0.08298734356748128,-0.6104963418873126,-0.09025628231293403
-0.0021562273844715207,0.3320946158282325,-0.09586896753481255
-0.0021562273844715207,0.3320946158282325,-0.09586896753481255
-0.0021562273844715207,0.3320946158282325,-0.09586896753481255
-0.0021562273844715207,0.3320946158282325,-0.09586896753481255
-0.0021562273844715207,0.3320946158282325,-0.09586896753481255
-0.0021562273844715207,0.3320946158282325,-0.09586896753481255
0.001619214851128703,0.7297383212678028,0.045628411672275604
0.001619214851128703,0.7297383212678028,0.045628411672275604
0.001619214851128703,0.7297383212678028,0.045628411672275604
0.001619214851128703,0.7297383212678028,0.045628411672275604
0.001619214851128703,0.7297383212678028,0.045628411672275604
0.001619214851128703,0.7297383212678028,0.045628411672275604
-0.07398637396878982,-0.2521243922362686,-0.02328251717695906
-0.07398637396878982,-0.2521243922362686,-0.02328251717695906
-0.07398637396878982,-0.2521243922362686,-0.02328251717695906
-0.07398637396878982,-0.2521243922362686,-0.02328251717695906
-0.07398637396878982,-0.2521243922362686,-0.02328251717695906
-0.07398637396878982,-0.2521243922362686,-0.02328251717695906
0.0021011060693751915,-1.1207861963564696,-0.007399342707570256
0.0021011060693751915,-1.1207861963564696,-0.007399342707570256
0.0021011060693751915,-1.1207861963564696,-0.007399342707570256
0.0021011060693751915,-1.1207861963564696,-0.007399342707570256
0.0021011060693751915,-1.1207861963564696,-0.007399342707570256
0.0021011060693751915,-1.1207861963564696,-0.007399342707570256
0.07413031310841234,0.48666215384373146,0.03416529600479201
0.07413031310841234,0.48666215384373146,0.03416529600479201
0.07413031310841234,0.48666215384373146,0.03416529600479201
0.07413031310841234,0.48666215384373146,0.03416529600479201
0.07413031310841234,0.48666215384373146,0.03416529600479201
0.07413031310841234,0.48666215384373146,0.03416529600479201
0.083453093002678,-1.1861104805472635,0.002373709655021372
0.083453093002678,-1.1861104805472635,0.002373709655021372
0.083453093002678,-1.1861104805472635,0.002373709655021372
0.083453093002678,-1.1861104805472635,0.002373709655021372
0.083453093002678,-1.1861104805472635,0.002373709655021372
0.083453093002678,-1.1861104805472635,0.002373709655021372
0.0018734993218636475,1.8812039417576898,0.035905265200435466
0.0018734993218636475,1.8812039417576898,0.035905265200435466
0.0018734993218636475,1.8812039417576898,0.035905265200435466
0.0018734993218636475,1.8812039417576898,0.035905265200435466
0.0018734993218636475,1.8812039417576898,0.035905265200435466
0.0018734993218636475,1.8812039417576898,0.035905265200435466
-0.030942298857564055,1.6945724803318996,-0.05212940853581394
-0.030942298857564055,1.6945724803318996,-0.05212940853581394
-0.030942298857564055,1.6945724803318996,-0.05212940853581394
-0.030942298857564055,1.6945724803318996,-0.05212940853581394
-0.030942298857564055,1.6945724803318996,-0.05212940853581394
-0.030942298857564055,1.6945724803318996,-0.05212940853581394
-0.0570664249268944,-1.145461819336127,-0.03347429195145324
-0.0570664249268944,-1.145461819336127,-0.03347429195145324
-0.0570664249268944,-1.145461819336127,-0.03347429195145324
-0.0570664249268944,-1.145461819336127,-0.03347429195145324
-0.0570664249268944,-1.145461819336127,-0.03347429195145324
-0.0570664249268944,-1.145461819336127,-0.03347429195145324
-0.05298993320231915,0.801085640001375,-0.05156254295776641
-0.05298993320231915,0.801085640001375,-0.05156254295776641
-0.05298993320231915,0.801085640001375,-0.05156254295776641
-0.05298993320231915,0.801085640001375,-0.05156254295776641
-0.05298993320231915,0.801085640001375,-0.05156254295776641
-0.05298993320231915,0.801085640001375,-0.05156254295776641
0.03552415455555291,-1.0770928680088616,-0.03611174453582677
0.03552415455555291,-1.0770928680088616,-0.03611174453582677
0.03552415455555291,-1.0770928680088616,-0.03611174453582677
0.03552415455555291,-1.0770928680088616,-0.03611174453582677
0.03552415455555291,-1.0770928680088616,-0.03611174453582677
0.03552415455555291,-1.0770928680088616,-0.03611174453582677
0.021980705647475673,0.5730549694481866,-0.06659643217073352
0.021980705647475673,0.5730549694481866,-0.06659643217073352
0.021980705647475673,0.5730549694481866,-0.06659643217073352
0.021980705647475673,0.5730549694481866,-0.06659643217073352
0.021980705647475673,0.5730549694481866,-0.06659643217073352
0.021980705647475673,0.5730549694481866,-0.06659643217073352
0.05589473135434275,-1.4833124311277643,-0.09795475090072259
0.05589473135434275,-1.4833124311277643,-0.09795475090072259
0.05589473135434275,-1.4833124311277643,-0.09795475090072259
0.05589473135434275,-1.4833124311277643,-0.09795475090072259
0.05589473135434275,-1.4833124311277643,-0.09795475090072259
0.05589473135434275,-1.4833124311277643,-0.09795475090072259
0.0568880237255307,2.3159410080666376,-0.04492227137343541
0.0568880237255307,2.3159410080666376,-0.04492227137343541
0.0568880237255307,2.3159410080666376,-0.04492227137343541
0.0568880237255307,2.3159410080666376,-0.04492227137343541
0.0568880237255307,2.3159410080666376,-0.04492227137343541
0.0568880237255307,2.3159410080666376,-0.04492227137343541
0.0014783103414082177,-0.43762169641285453,-0.016148421511283928
0.0014783103414082177,-0.43762169641285453,-0.016148421511283928
0.0014783103414082177,-0.43762169641285453,-0.016148421511283928
0.0014783103414082177,-0.43762169641285453,-0.016148421511283928
0.0014783103414082177,-0.43762169641285453,-0.016148421511283928
0.0014783103414082177,-0.43762169641285453,-0.016148421511283928
-0.04255708242722278,0.9012844574234506,0.03037269051875313
-0.04255708242722278,0.9012844574234506,0.03037269051875313
-0.04255708242722278,0.9012844574234506,0.03037269051875313
-0.04255708242722278,0.9012844574234506,0.03037269051875313
-0.04255708242722278,0.9012844574234506,0.03037269051875313
-0.04255708242722278,0.9012844574234506,0.03037269051875313
0.03192571643436537,-0.056783358113484894,-0.03884732864931628
0.03192571643436537,-0.056783358113484894,-0.03884732864931628
0.03192571643436537,-0.056783358113484894,-0.03884732864931628
0.03192571643436537,-0.056783358113484894,-0.03884732864931628
0.03192571643436537,-0.056783358113484894,-0.03884732864931628
0.03192571643436537,-0.056783358113484894,-0.03884732864931628
0.10032720498389835,-1.290318997703011,-0.014986046361626038
0.10032720498389835,-1.290318997703011,-0.014986046361626038
0.10032720498389835,-1.290318997703011,-0.014986046361626038
0.10032720498389835,-1.290318997703011,-0.014986046361626038
0.10032720498389835,-1.290318997703011,-0.014986046361626038
0.10032720498389835,-1.290318997703011,-0.014986046361626038
0.08330858042882383,-0.7520728119697964,-0.05389983532496423
0.08330858042882383,-0.7520728119697964,-0.05389983532496423
0.08330858042882383,-0.7520728119697964,-0.05389983532496423
0.08330858042882383,-0.7520728119697964,-0.05389983532496423
0.08330858042882383,-0.7520728119697964,-0.05389983532496423
0.08330858042882383,-0.7520728119697964,-0.05389983532496423
0.019473605121792303,1.4623686515319534,-0.016649327374194556
0.019473605121792303,1.4623686515319534,-0.016649327374194556
0.019473605121792303,1.4623686515319534,-0.016649327374194556
0.019473605121792303,1.4623686515319534,-0.016649327374194556
0.019473605121792303,1.4623686515319534,-0.016649327374194556
0.019473605121792303,1.4623686515319534,-0.016649327374194556
0.03640936491087743,0.35334382570168543,-0.09410146417408427
0.03640936491087743,0.35334382570168543,-0.09410146417408427
0.03640936491087743,0.35334382570168543,-0.09410146417408427
0.03640936491087743,0.35334382570168543,-0.09410146417408427
0.03640936491087743,0.35334382570168543,-0.09410146417408427
0.03640936491087743,0.35334382570168543,-0.09410146417408427
-0.00927806745177051,-0.46108334382666527,-0.044224298140965956
-0.00927806745177051,-0.46108334382666527,-0.044224298140965956
-0.00927806745177051,-0.46108334382666527,-0.044224298140965956
-0.00927806745177051,-0.46108334382666527,-0.044224298140965956
-0.00927806745177051,-0.46108334382666527,-0.044224298140965956
-0.00927806745177051,-0.46108334382666527,-0.044224298140965956
0.030556846426989637,-1.0347855634530845,0.00086302888124834
0.030556846426989637,-1.0347855634530845,0.00086302888124834
0.030556846426989637,-1.0347855634530845,0.00086302888124834
0.030556846426989637,-1.0347855634530845,0.00086302888124834
0.030556846426989637,-1.0347855634530845,0.00086302888124834
0.030556846426989637,-1.0347855634530845,0.00086302888124834
-0.007533663156717552,1.6308501068854682,-0.011322862832848557
-0.007533663156717552,1.6308501068854682,-0.011322862832848557
-0.007533663156717552,1.6308501068854682,-0.011322862832848557
-0.007533663156717552,1.6308501068854682,-0.011322862832848557
-0.007533663156717552,1.6308501068854682,-0.011322862832848557
-0.007533663156717552,1.6308501068854682,-0.011322862832848557
0.02812910024514892,-2.5639530832440514,-0.05932840619195723
0.02812910024514892,-2.5639530832440514,-0.05932840619195723
0.02812910024514892,-2.5639530832440514,-0.05932840619195723
0.02812910024514892,-2.5639530832440514,-0.05932840619195723
0.02812910024514892,-2.5639530832440514,-0.05932840619195723
0.02812910024514892,-2.5639530832440514,-0.05932840619195723
-0.039444423805754525,1.7241560122654676,-0.05010090211666274
-0.039444423805754525,1.7241560122654676,-0.05010090211666274
-0.039444423805754525,1.7241560122654676,-0.05010090211666274
-0.039444423805754525,1.7241560122654676,-0.05010090211666274
-0.039444423805754525,1.7241560122654676,-0.05010090211666274
-0.039444423805754525,1.7241560122654676,-0.05010090211666274
0.0035094497321743745,1.175566543268971,-0.08579248924904626
0.0035094497321743745,1.175566543268971,-0.08579248924904626
0.0035094497321743745,1.175566543268971,-0.08579248924904626
0.0035094497321743745,1.175566543268971,-0.08579248924904626
0.0035094497321743745,1.175566543268971,-0.08579248924904626
0.0035094497321743745,1.175566543268971,-0.08579248924904626
-0.09838774371302605,-1.1442851545778367,-0.02281552276380694
-0.09838774371302605,-1.1442851545778367,-0.02281552276380694
-0.09838774371302605,-1.1442851545778367,-0.02281552276380694
-0.09838774371302605,-1.1442851545778367,-0.02281552276380694
-0.09838774371302605,-1.1442851545778367,-0.02281552276380694
-0.09838774371302605,-1.1442851545778367,-0.02281552276380694
-0.1202053265730072,-0.31472609160299925,-0.06433482825716474
-0.1202053265730072,-0.31472609160299925,-0.06433482825716474
-0.1202053265730072,-0.31472609160299925,-0.06433482825716474
-0.1202053265730072,-0.31472609160299925,-0.06433482825716474
-0.1202053265730072,-0.31472609160299925,-0.06433482825716474
-0.1202053265730072,-0.31472609160299925,-0.06433482825716474
-0.12020000832921696,-0.5523767476590962,0.0069946589118004
-0.12020000832921696,-0.5523767476590962,0.0069946589118004
-0.12020000832921696,-0.5523767476590962,0.0069946589118004
-0.12020000832921696,-0.5523767476590962,0.0069946589118004
-0.12020000832921696,-0.5523767476590962,0.0069946589118004
-0.12020000832921696,-0.5523767476590962,0.0069946589118004
0.007003925514769804,2.2724166786124513,-4.6830341204895376e-07
0.007003925514769804,2.2724166786124513,-4.6830341204895376e-07
0.007003925514769804,2.2724166786124513,-4.6830341204895376e-07
0.007003925514769804,2.2724166786124513,-4.6830341204895376e-07
0.007003925514769804,2.2724166786124513,-4.6830341204895376e-07
0.007003925514769804,2.2724166786124513,-4.6830341204895376e-07
-0.0166105429245178,-1.139386864913817,-0.02340330988125139
-0.0166105429245178,-1.139386864913817,-0.02340330988125139
-0.0166105429245178,-1.139386864913817,-0.02340330988125139
-0.0166105429245178,-1.139386864913817,-0.02340330988125139
-0.0166105429245178,-1.139386864913817,-0.02340330988125139
-0.0166105429245178,-1.139386864913817,-0.02340330988125139
-0.003723957874651518,1.0117826681256616,-0.029131301701127654
-0.003723957874651518,1.0117826681256616,-0.029131301701127654
-0.003723957874651518,1.0117826681256616,-0.029131301701127654
-0.003723957874651518,1.0117826681256616,-0.029131301701127654
-0.003723957874651518,1.0117826681256616,-0.029131301701127654
-0.003723957874651518,1.0117826681256616,-0.029131301701127654
0.0011619353667278176,1.340519802808899,-0.08301653834489642
0.0011619353667278176,1.340519802808899,-0.08301653834489642
0.0011619353667278176,1.340519802808899,-0.08301653834489642
0.0011619353667278176,1.340519802808899,-0.08301653834489642
0.0011619353667278176,1.340519802808899,-0.08301653834489642
0.0011619353667278176,1.340519802808899,-0.08301653834489642
0.05642073621811505,-4.859242016853642,-0.02490916290450329
0.05642073621811505,-4.859242016853642,-0.02490916290450329
0.05642073621811505,-4.859242016853642,-0.02490916290450329
0.05642073621811505,-4.859242016853642,-0.02490916290450329
0.05642073621811505,-4.859242016853642,-0.02490916290450329
0.05642073621811505,-4.859242016853642,-0.02490916290450329
0.0034531272470417207,2.22350811274638,-0.05886839999717708
0.0034531272470417207,2.22350811274638,-0.05886839999717708
0.0034531272470417207,2.22350811274638,-0.05886839999717708
0.0034531272470417207,2.22350811274638,-0.05886839999717708
0.0034531272470417207,2.22350811274638,-0.05886839999717708
0.0034531272470417207,2.22350811274638,-0.05886839999717708
-0.004923508176293723,0.9840601471379955,0.01750618744115151
-0.004923508176293723,0.9840601471379955,0.01750618744115151
-0.004923508176293723,0.9840601471379955,0.01750618744115151
-0.004923508176293723,0.9840601471379955,0.01750618744115151
-0.004923508176293723,0.9840601471379955,0.01750618744115151
-0.004923508176293723,0.9840601471379955,0.01750618744115151
0.07079661249638391,-0.9579148698320239,-0.011588678762755933
0.07079661249638391,-0.9579148698320239,-0.011588678762755933
0.07079661249638391,-0.9579148698320239,-0.011588678762755933
0.07079661249638391,-0.9579148698320239,-0.011588678762755933
0.07079661249638391,-0.9579148698320239,-0.011588678762755933
0.07079661249638391,-0.9579148698320239,-0.011588678762755933
0.02273888316922168,-0.2800955165675916,-0.06579980339732217
0.02273888316922168,-0.2800955165675916,-0.06579980339732217
0.02273888316922168,-0.2800955165675916,-0.06579980339732217
0.02273888316922168,-0.2800955165675916,-0.06579980339732217
0.02273888316922168,-0.2800955165675916,-0.06579980339732217
0.02273888316922168,-0.2800955165675916,-0.06579980339732217
-0.052179761769085786,-0.03611244851953188,-0.04990410956247615
-0.052179761769085786,-0.03611244851953188,-0.04990410956247615
-0.052179761769085786,-0.03611244851953188,-0.04990410956247615
-0.052179761769085786,-0.03611244851953188,-0.04990410956247615
-0.052179761769085786,-0.03611244851953188,-0.04990410956247615
-0.052179761769085786,-0.03611244851953188,-0.04990410956247615
-0.034699531917620874,-0.7571962657864688,-0.03481626192330545
-0.034699531917620874,-0.7571962657864688,-0.03481626192330545
-0.034699531917620874,-0.7571962657864688,-0.03481626192330545
-0.034699531917620874,-0.7571962657864688,-0.03481626192330545
-0.034699531917620874,-0.7571962657864688,-0.03481626192330545
-0.034699531917620874,-0.7571962657864688,-0.03481626192330545
-0.025446335488034322,1.2107978012721432,-0.02358995147663201
-0.025446335488034322,1.2107978012721432,-0.02358995147663201
-0.025446335488034322,1.2107978012721432,-0.02358995147663201
-0.025446335488034322,1.2107978012721432,-0.02358995147663201
-0.025446335488034322,1.2107978012721432,-0.02358995147663201
-0.025446335488034322,1.2107978012721432,-0.02358995147663201
-0.006767423668385675,-1.1525145815882567,0.03145051115065023
-0.006767423668385675,-1.1525145815882567,0.03145051115065023
-0.006767423668385675,-1.1525145815882567,0.03145051115065023
-0.006767423668385675,-1.1525145815882567,0.03145051115065023
-0.006767423668385675,-1.1525145815882567,0.03145051115065023
-0.006767423668385675,-1.1525145815882567,0.03145051115065023
0.025834196134482568,2.0207110298803244,0.040013640615253365
0.025834196134482568,2.0207110298803244,0.040013640615253365
0.025834196134482568,2.0207110298803244,0.040013640615253365
0.025834196134482568,2.0207110298803244,0.040013640615253365
0.025834196134482568,2.0207110298803244,0.040013640615253365
0.025834196134482568,2.0207110298803244,0.040013640615253365
0.043391917392828105,-1.5686578458951885,0.09627854557465376
0.043391917392828105,-1.5686578458951885,0.09627854557465376
0.043391917392828105,-1.5686578458951885,0.09627854557465376
0.043391917392828105,-1.5686578458951885,0.09627854557465376
0.043391917392828105,-1.5686578458951885,0.09627854557465376
0.043391917392828105,-1.5686578458951885,0.09627854557465376
-0.00123784385793968,-1.0496884992879956,0.13238617861631496
-0.00123784385793968,-1.0496884992879956,0.13238617861631496
-0.00123784385793968,-1.0496884992879956,0.13238617861631496
-0.00123784385793968,-1.0496884992879956,0.13238617861631496
-0.00123784385793968,-1.0496884992879956,0.13238617861631496
-0.00123784385793968,-1.0496884992879956,0.13238617861631496
-0.04920949463129887,-0.12096612051356459,0.116046373584064
-0.04920949463129887,-0.12096612051356459,0.116046373584064
-0.04920949463129887,-0.12096612051356459,0.116046373584064
-0.04920949463129887,-0.12096612051356459,0.116046373584064
-0.04920949463129887,-0.12096612051356459,0.116046373584064
-0.04920949463129887,-0.12096612051356459,0.116046373584064
0.04560821727003983,0.41323048894199843,0.10029753495614813
0.04560821727003983,0.41323048894199843,0.10029753495614813
0.04560821727003983,0.41323048894199843,0.10029753495614813
0.04560821727003983,0.41323048894199843,0.10029753495614813
0.04560821727003983,0.41323048894199843,0.10029753495614813
0.04560821727003983,0.41323048894199843,0.10029753495614813
-0.031197995617443297,-0.08432881701352812,0.03435522921602363
-0.031197995617443297,-0.08432881701352812,0.03435522921602363
-0.031197995617443297,-0.08432881701352812,0.03435522921602363
-0.031197995617443297,-0.08432881701352812,0.03435522921602363
-0.031197995617443297,-0.08432881701352812,0.03435522921602363
-0.031197995617443297,-0.08432881701352812,0.03435522921602363
-0.03403026981049351,-0.07834697239773902,0.013701174070526179
-0.03403026981049351,-0.07834697239773902,0.013701174070526179
-0.03403026981049351,-0.07834697239773902,0.013701174070526179
-0.03403026981049351,-0.07834697239773902,0.013701174070526179
-0.03403026981049351,-0.07834697239773902,0.013701174070526179
-0.03403026981049351,-0.07834697239773902,0.013701174070526179
-0.07104298747994875,1.1149421993608257,0.033752915869689204
-0.07104298747994875,1.1149421993608257,0.033752915869689204
-0.07104298747994875,1.1149421993608257,0.033752915869689204
-0.07104298747994875,1.1149421993608257,0.033752915869689204
-0.07104298747994875,1.1149421993608257,0.033752915869689204
-0.07104298747994875,1.1149421993608257,0.033752915869689204
-0.014432649910986584,-2.9438006284774048,0.04625872252144703
-0.014432649910986584,-2.9438006284774048,0.04625872252144703
-0.014432649910986584,-2.9438006284774048,0.04625872252144703
-0.014432649910986584,-2.9438006284774048,0.04625872252144703
-0.014432649910986584,-2.9438006284774048,0.04625872252144703
-0.014432649910986584,-2.9438006284774048,0.04625872252144703
-0.05000406358089293,3.5,-0.026567329701148168
-0.05000406358089293,3.5,-0.026567329701148168
-0.05000406358089293,3.5,-0.026567329701148168
-0.05000406358089293,3.5,-0.026567329701148168
-0.05000406358089293,3.5,-0.026567329701148168
-0.05000406358089293,3.5,-0.026567329701148168
-0.0017020474984121847,-3.227952063047802,-0.014830313601414957
-0.0017020474984121847,-3.227952063047802,-0.014830313601414957
-0.0017020474984121847,-3.227952063047802,-0.014830313601414957
-0.0017020474984121847,-3.227952063047802,-0.014830313601414957
-0.0017020474984121847,-3.227952063047802,-0.014830313601414957
-0.0017020474984121847,-3.227952063047802,-0.014830313601414957
-0.01017014686154738,3.5,-0.0216831771043573
-0.01017014686154738,3.5,-0.0216831771043573
-0.01017014686154738,3.5,-0.0216831771043573
-0.01017014686154738,3.5,-0.0216831771043573
-0.01017014686154738,3.5,-0.0216831771043573
-0.01017014686154738,3.5,-0.0216831771043573
-0.02070642981591675,0.4157829290943056,-0.029850914086601676
-0.02070642981591675,0.4157829290943056,-0.029850914086601676
-0.02070642981591675,0.4157829290943056,-0.029850914086601676
-0.02070642981591675,0.4157829290943056,-0.029850914086601676
-0.02070642981591675,0.4157829290943056,-0.029850914086601676
-0.02070642981591675,0.4157829290943056,-0.029850914086601676
-0.06272369276213752,-1.713049788676912,-0.0071969512959437765
-0.06272369276213752,-1.713049788676912,-0.0071969512959437765
-0.06272369276213752,-1.713049788676912,-0.0071969512959437765
-0.06272369276213752,-1.713049788676912,-0.0071969512959437765
-0.06272369276213752,-1.713049788676912,-0.0071969512959437765
-0.06272369276213752,-1.713049788676912,-0.0071969512959437765
-0.07490042272983644,0.40721823986579864,-0.015727994920165855
-0.07490042272983644,0.40721823986579864,-0.015727994920165855
-0.07490042272983644,0.40721823986579864,-0.015727994920165855
-0.07490042272983644,0.40721823986579864,-0.015727994920165855
-0.07490042272983644,0.40721823986579864,-0.015727994920165855
-0.07490042272983644,0.40721823986579864,-0.015727994920165855
-0.09362825459428592,1.3731186367822588,-0.00033752447645163386
-0.09362825459428592,1.3731186367822588,-0.00033752447645163386
-0.09362825459428592,1.3731186367822588,-0.00033752447645163386
-0.09362825459428592,1.3731186367822588,-0.00033752447645163386
-0.09362825459428592,1.3731186367822588,-0.00033752447645163386
-0.09362825459428592,1.3731186367822588,-0.00033752447645163386
0.018179526684981795,-2.3534208485900976,-0.04896310455199604
0.018179526684981795,-2.3534208485900976,-0.04896310455199604
0.018179526684981795,-2.3534208485900976,-0.04896310455199604
0.018179526684981795,-2.3534208485900976,-0.04896310455199604
0.018179526684981795,-2.3534208485900976,-0.04896310455199604
0.018179526684981795,-2.3534208485900976,-0.04896310455199604
-0.013601466084388392,1.75951462854092,-0.007660259582570106
-0.013601466084388392,1.75951462854092,-0.007660259582570106
-0.013601466084388392,1.75951462854092,-0.007660259582570106
-0.013601466084388392,1.75951462854092,-0.007660259582570106
-0.013601466084388392,1.75951462854092,-0.007660259582570106
-0.013601466084388392,1.75951462854092,-0.007660259582570106
-0.06417760004093864,-1.3940172271119664,-0.05797106396090612
-0.06417760004093864,-1.3940172271119664,-0.05797106396090612
-0.06417760004093864,-1.3940172271119664,-0.05797106396090612
-0.06417760004093864,-1.3940172271119664,-0.05797106396090612
-0.06417760004093864,-1.3940172271119664,-0.05797106396090612
-0.06417760004093864,-1.3940172271119664,-0.05797106396090612
-0.047838743228883374,0.1378450952646446,-0.0336422709733224
-0.047838743228883374,0.1378450952646446,-0.0336422709733224
-0.047838743228883374,0.1378450952646446,-0.0336422709733224
-0.047838743228883374,0.1378450952646446,-0.0336422709733224
-0.047838743228883374,0.1378450952646446,-0.0336422709733224
-0.047838743228883374,0.1378450952646446,-0.0336422709733224
-0.028861651160422497,0.7507606271238885,0.03429810533436495
-0.028861651160422497,0.7507606271238885,0.03429810533436495
-0.028861651160422497,0.7507606271238885,0.03429810533436495
-0.028861651160422497,0.7507606271238885,0.03429810533436495
-0.028861651160422497,0.7507606271238885,0.03429810533436495
-0.028861651160422497,0.7507606271238885,0.03429810533436495
0.010751224602763898,-0.4034437481450013,0.0021018750214203408
0.010751224602763898,-0.4034437481450013,0.0021018750214203408
0.010751224602763898,-0.4034437481450013,0.0021018750214203408
0.010751224602763898,-0.4034437481450013,0.0021018750214203408
0.010751224602763898,-0.4034437481450013,0.0021018750214203408
0.010751224602763898,-0.4034437481450013,0.0021018750214203408
0.10667423735919357,-0.9566273743432205,0.006922360904018987
0.10667423735919357,-0.9566273743432205,0.006922360904018987
0.10667423735919357,-0.9566273743432205,0.006922360904018987
0.10667423735919357,-0.9566273743432205,0.006922360904018987
0.10667423735919357,-0.9566273743432205,0.006922360904018987
0.10667423735919357,-0.9566273743432205,0.006922360904018987
0.026275373499341725,-0.1950064474319788,-0.04216202265630287
0.026275373499341725,-0.1950064474319788,-0.04216202265630287
0.026275373499341725,-0.1950064474319788,-0.04216202265630287
0.026275373499341725,-0.1950064474319788,-0.04216202265630287
0.026275373499341725,-0.1950064474319788,-0.04216202265630287
0.026275373499341725,-0.1950064474319788,-0.04216202265630287
-0.03308118017968198,1.0681772568634713,0.03243426734352184
-0.03308118017968198,1.0681772568634713,0.03243426734352184
-0.03308118017968198,1.0681772568634713,0.03243426734352184
-0.03308118017968198,1.0681772568634713,0.03243426734352184
-0.03308118017968198,1.0681772568634713,0.03243426734352184
-0.03308118017968198,1.0681772568634713,0.03243426734352184
0.05115611921485197,-2.414941378437348,0.005979370052283883
0.05115611921485197,-2.414941378437348,0.005979370052283883
0.05115611921485197,-2.414941378437348,0.005979370052283883
0.05115611921485197,-2.414941378437348,0.005979370052283883
0.05115611921485197,-2.414941378437348,0.005979370052283883
0.05115611921485197,-2.414941378437348,0.005979370052283883
-0.043148846039546385,3.1403951694287073,0.0046500203820141195
-0.043148846039546385,3.1403951694287073,0.0046500203820141195
-0.043148846039546385,3.1403951694287073,0.0046500203820141195
-0.043148846039546385,3.1403951694287073,0.0046500203820141195
-0.043148846039546385,3.1403951694287073,0.0046500203820141195
-0.043148846039546385,3.1403951694287073,0.0046500203820141195
0.04722964942563834,-2.822125076840031,-0.04361348747754157
0.04722964942563834,-2.822125076840031,-0.04361348747754157
0.04722964942563834,-2.822125076840031,-0.04361348747754157
0.04722964942563834,-2.822125076840031,-0.04361348747754157
0.04722964942563834,-2.822125076840031,-0.04361348747754157
0.04722964942563834,-2.822125076840031,-0.04361348747754157
0.004288348046653567,-0.482815633713507,0.018082989070141053
0.004288348046653567,-0.482815633713507,0.018082989070141053
0.004288348046653567,-0.482815633713507,0.018082989070141053
0.004288348046653567,-0.482815633713507,0.018082989070141053
0.004288348046653567,-0.482815633713507,0.018082989070141053
0.004288348046653567,-0.482815633713507,0.018082989070141053
0.08681881612640296,1.2385801031990695,0.010550119312796369
0.08681881612640296,1.2385801031990695,0.010550119312796369
0.08681881612640296,1.2385801031990695,0.010550119312796369
0.08681881612640296,1.2385801031990695,0.010550119312796369
0.08681881612640296,1.2385801031990695,0.010550119312796369
0.08681881612640296,1.2385801031990695,0.010550119312796369
-0.06566970150817042,-1.9249301684770828,-0.007936546139671208
-0.06566970150817042,-1.9249301684770828,-0.007936546139671208
-0.06566970150817042,-1.9249301684770828,-0.007936546139671208
-0.06566970150817042,-1.9249301684770828,-0.007936546139671208
-0.06566970150817042,-1.9249301684770828,-0.007936546139671208
-0.06566970150817042,-1.9249301684770828,-0.007936546139671208
-0.07160082064678974,3.5,0.03430541132470033
-0.07160082064678974,3.5,0.03430541132470033
-0.07160082064678974,3.5,0.03430541132470033
-0.07160082064678974,3.5,0.03430541132470033
-0.07160082064678974,3.5,0.03430541132470033
-0.07160082064678974,3.5,0.03430541132470033
-0.006543665106800489,1.686694971252713,0.025734250611051834
-0.006543665106800489,1.686694971252713,0.025734250611051834
-0.006543665106800489,1.686694971252713,0.025734250611051834
-0.006543665106800489,1.686694971252713,0.025734250611051834
-0.006543665106800489,1.686694971252713,0.025734250611051834
-0.006543665106800489,1.686694971252713,0.025734250611051834
0.030407986901352047,0.35694368604755766,-0.07549277701603962
0.030407986901352047,0.35694368604755766,-0.07549277701603962
0.030407986901352047,0.35694368604755766,-0.07549277701603962
0.030407986901352047,0.35694368604755766,-0.07549277701603962
0.030407986901352047,0.35694368604755766,-0.07549277701603962
0.030407986901352047,0.35694368604755766,-0.07549277701603962
0.025895174178035774,-1.3088500319032832,-0.09285320222544158
0.025895174178035774,-1.3088500319032832,-0.09285320222544158
0.025895174178035774,-1.3088500319032832,-0.09285320222544158
0.025895174178035774,-1.3088500319032832,-0.09285320222544158
0.025895174178035774,-1.3088500319032832,-0.09285320222544158
0.025895174178035774,-1.3088500319032832,-0.09285320222544158
0.04762536328778211,0.5434282635425518,0.1048246971686666
0.04762536328778211,0.5434282635425518,0.1048246971686666
0.04762536328778211,0.5434282635425518,0.1048246971686666
0.04762536328778211,0.5434282635425518,0.1048246971686666
0.04762536328778211,0.5434282635425518,0.1048246971686666
0.04762536328778211,0.5434282635425518,0.1048246971686666
-0.0377831835932696,0.38534716034383365,0.06757549346810521
-0.0377831835932696,0.38534716034383365,0.06757549346810521
-0.0377831835932696,0.38534716034383365,0.06757549346810521
-0.0377831835932696,0.38534716034383365,0.06757549346810521
-0.0377831835932696,0.38534716034383365,0.06757549346810521
-0.0377831835932696,0.38534716034383365,0.06757549346810521
0.008034100388584875,0.7140348985043516,-0.08386002759557165
0.008034100388584875,0.7140348985043516,-0.08386002759557165
0.008034100388584875,0.7140348985043516,-0.08386002759557165
0.008034100388584875,0.7140348985043516,-0.08386002759557165
0.008034100388584875,0.7140348985043516,-0.08386002759557165
0.008034100388584875,0.7140348985043516,-0.08386002759557165
-0.011495465139518046,-0.4486354722595465,0.010363893942695768
-0.011495465139518046,-0.4486354722595465,0.010363893942695768
-0.011495465139518046,-0.4486354722595465,0.010363893942695768
-0.011495465139518046,-0.4486354722595465,0.010363893942695768
-0.011495465139518046,-0.4486354722595465,0.010363893942695768
-0.011495465139518046,-0.4486354722595465,0.010363893942695768
0.019786477793761748,0.76432390168506,0.06206212780970688
0.019786477793761748,0.76432390168506,0.06206212780970688
0.019786477793761748,0.76432390168506,0.06206212780970688
0.019786477793761748,0.76432390168506,0.06206212780970688
0.019786477793761748,0.76432390168506,0.06206212780970688
0.019786477793761748,0.76432390168506,0.06206212780970688
-0.018388365345920477,-1.753725175897351,0.05300507142543509
-0.018388365345920477,-1.753725175897351,0.05300507142543509
-0.018388365345920477,-1.753725175897351,0.05300507142543509
-0.018388365345920477,-1.753725175897351,0.05300507142543509
-0.018388365345920477,-1.753725175897351,0.05300507142543509
-0.018388365345920477,-1.753725175897351,0.05300507142543509
-0.06710630383259186,0.6501667153546364,0.07435638662113142
-0.06710630383259186,0.6501667153546364,0.07435638662113142
-0.06710630383259186,0.6501667153546364,0.07435638662113142
-0.06710630383259186,0.6501667153546364,0.07435638662113142
-0.06710630383259186,0.6501667153546364,0.07435638662113142
-0.06710630383259186,0.6501667153546364,0.07435638662113142
-0.09646906453796689,0.6000309514841575,0.10969252687238829
-0.09646906453796689,0.6000309514841575,0.10969252687238829
-0.09646906453796689,0.6000309514841575,0.10969252687238829
-0.09646906453796689,0.6000309514841575,0.10969252687238829
-0.09646906453796689,0.6000309514841575,0.10969252687238829
-0.09646906453796689,0.6000309514841575,0.10969252687238829
0.043674088796240795,-1.0204691094567693,0.11758453550221049
0.043674088796240795,-1.0204691094567693,0.11758453550221049
0.043674088796240795,-1.0204691094567693,0.11758453550221049
0.043674088796240795,-1.0204691094567693,0.11758453550221049
0.043674088796240795,-1.0204691094567693,0.11758453550221049
0.043674088796240795,-1.0204691094567693,0.11758453550221049
-0.023644097500877592,-2.8229373683781276,0.010551697848237396
-0.023644097500877592,-2.8229373683781276,0.010551697848237396
-0.023644097500877592,-2.8229373683781276,0.010551697848237396
-0.023644097500877592,-2.8229373683781276,0.010551697848237396
-0.023644097500877592,-2.8229373683781276,0.010551697848237396
-0.023644097500877592,-2.8229373683781276,0.010551697848237396
-0.026219280612590268,2.9692737540101604,0.08974771563719663
-0.026219280612590268,2.9692737540101604,0.08974771563719663
-0.026219280612590268,2.9692737540101604,0.08974771563719663
-0.026219280612590268,2.9692737540101604,0.08974771563719663
-0.026219280612590268,2.9692737540101604,0.08974771563719663
-0.026219280612590268,2.9692737540101604,0.08974771563719663
0.02962840355714036,-0.5570597977591021,0.015731044581862363
0.02962840355714036,-0.5570597977591021,0.015731044581862363
0.02962840355714036,-0.5570597977591021,0.015731044581862363
0.02962840355714036,-0.5570597977591021,0.015731044581862363
0.02962840355714036,-0.5570597977591021,0.015731044581862363
0.02962840355714036,-0.5570597977591021,0.015731044581862363
0.097626666890406,0.7862552020442095,-0.1152045329628244
0.097626666890406,0.7862552020442095,-0.1152045329628244
0.097626666890406,0.7862552020442095,-0.1152045329628244
0.097626666890406,0.7862552020442095,-0.1152045329628244
0.097626666890406,0.7862552020442095,-0.1152045329628244
0.097626666890406,0.7862552020442095,-0.1152045329628244
-0.008413319884745363,-1.5028781471371175,-0.08346794923636125
-0.008413319884745363,-1.5028781471371175,-0.08346794923636125
-0.008413319884745363,-1.5028781471371175,-0.08346794923636125
-0.008413319884745363,-1.5028781471371175,-0.08346794923636125
-0.008413319884745363,-1.5028781471371175,-0.08346794923636125
-0.008413319884745363,-1.5028781471371175,-0.08346794923636125
-0.0309067193470689,0.30288116397250775,-0.10454222835652693
-0.0309067193470689,0.30288116397250775,-0.10454222835652693
-0.0309067193470689,0.30288116397250775,-0.10454222835652693
-0.0309067193470689,0.30288116397250775,-0.10454222835652693
-0.0309067193470689,0.30288116397250775,-0.10454222835652693
-0.0309067193470689,0.30288116397250775,-0.10454222835652693
-0.0034235882826436637,0.6700509132088683,-0.05122883601453765
-0.0034235882826436637,0.6700509132088683,-0.05122883601453765
-0.0034235882826436637,0.6700509132088683,-0.05122883601453765
-0.0034235882826436637,0.6700509132088683,-0.05122883601453765
-0.0034235882826436637,0.6700509132088683,-0.05122883601453765
-0.0034235882826436637,0.6700509132088683,-0.05122883601453765
0.0501038410358845,-0.7372759973456482,-0.09090525848176334
0.0501038410358845,-0.7372759973456482,-0.09090525848176334
0.0501038410358845,-0.7372759973456482,-0.09090525848176334
0.0501038410358845,-0.7372759973456482,-0.09090525848176334
0.0501038410358845,-0.7372759973456482,-0.09090525848176334
0.0501038410358845,-0.7372759973456482,-0.09090525848176334
0.03232849974013874,0.0967125917144358,-0.009047466454013886
0.03232849974013874,0.0967125917144358,-0.009047466454013886
0.03232849974013874,0.0967125917144358,-0.009047466454013886
0.03232849974013874,0.0967125917144358,-0.009047466454013886
0.03232849974013874,0.0967125917144358,-0.009047466454013886
0.03232849974013874,0.0967125917144358,-0.009047466454013886
0.0952730426659123,0.5020499603589528,0.061810830035611275
0.0952730426659123,0.5020499603589528,0.061810830035611275
0.0952730426659123,0.5020499603589528,0.061810830035611275
0.0952730426659123,0.5020499603589528,0.061810830035611275
0.0952730426659123,0.5020499603589528,0.061810830035611275
0.0952730426659123,0.5020499603589528,0.061810830035611275
0.10278351604550195,-0.7961285168859149,-0.04524967842422356
0.10278351604550195,-0.7961285168859149,-0.04524967842422356
0.10278351604550195,-0.7961285168859149,-0.04524967842422356
0.10278351604550195,-0.7961285168859149,-0.04524967842422356
0.10278351604550195,-0.7961285168859149,-0.04524967842422356
0.10278351604550195,-0.7961285168859149,-0.04524967842422356
-0.024521932625564347,0.12089869199510872,0.043059796259623084
-0.024521932625564347,0.12089869199510872,0.043059796259623084
-0.024521932625564347,0.12089869199510872,0.043059796259623084
-0.024521932625564347,0.12089869199510872,0.043059796259623084
-0.024521932625564347,0.12089869199510872,0.043059796259623084
-0.024521932625564347,0.12089869199510872,0.043059796259623084
0.08044165228222155,-0.6812911414515668,-0.003451310407445618
0.08044165228222155,-0.6812911414515668,-0.003451310407445618
0.08044165228222155,-0.6812911414515668,-0.003451310407445618
0.08044165228222155,-0.6812911414515668,-0.003451310407445618
0.08044165228222155,-0.6812911414515668,-0.003451310407445618
0.08044165228222155,-0.6812911414515668,-0.003451310407445618
-0.08254097750140232,0.5984738739305939,-0.041569750749271606
-0.08254097750140232,0.5984738739305939,-0.041569750749271606
-0.08254097750140232,0.5984738739305939,-0.041569750749271606
-0.08254097750140232,0.5984738739305939,-0.041569750749271606
-0.08254097750140232,0.5984738739305939,-0.041569750749271606
-0.08254097750140232,0.5984738739305939,-0.041569750749271606
-0.06992497596531067,-0.5216557083534212,-0.04729479025494143
-0.06992497596531067,-0.5216557083534212,-0.04729479025494143
-0.06992497596531067,-0.5216557083534212,-0.04729479025494143
-0.06992497596531067,-0.5216557083534212,-0.04729479025494143
-0.06992497596531067,-0.5216557083534212,-0.04729479025494143
-0.06992497596531067,-0.5216557083534212,-0.04729479025494143
0.0256521668246954,-0.8884305192830411,0.09642102234558081
0.0256521668246954,-0.8884305192830411,0.09642102234558081
0.0256521668246954,-0.8884305192830411,0.09642102234558081
0.0256521668246954,-0.8884305192830411,0.09642102234558081
0.0256521668246954,-0.8884305192830411,0.09642102234558081
0.0256521668246954,-0.8884305192830411,0.09642102234558081
-0.04597687988057686,0.5510698918435324,0.1280661624245223
-0.04597687988057686,0.5510698918435324,0.1280661624245223
-0.04597687988057686,0.5510698918435324,0.1280661624245223
-0.04597687988057686,0.5510698918435324,0.1280661624245223
-0.04597687988057686,0.5510698918435324,0.1280661624245223
-0.04597687988057686,0.5510698918435324,0.1280661624245223
-0.048557488251333325,1.2828492825701403,0.06559172029702687
-0.048557488251333325,1.2828492825701403,0.06559172029702687
-0.048557488251333325,1.2828492825701403,0.06559172029702687
-0.048557488251333325,1.2828492825701403,0.06559172029702687
-0.048557488251333325,1.2828492825701403,0.06559172029702687
-0.048557488251333325,1.2828492825701403,0.06559172029702687
-0.014649166021630577,-0.6170274982136377,0.005251481421218784
-0.014649166021630577,-0.6170274982136377,0.005251481421218784
-0.014649166021630577,-0.6170274982136377,0.005251481421218784
-0.014649166021630577,-0.6170274982136377,0.005251481421218784
-0.014649166021630577,-0.6170274982136377,0.005251481421218784
-0.014649166021630577,-0.6170274982136377,0.005251481421218784
-0.0016664471768272904,0.12070051724857933,-0.00958358029780193
-0.0016664471768272904,0.12070051724857933,-0.00958358029780193
-0.0016664471768272904,0.12070051724857933,-0.00958358029780193
-0.0016664471768272904,0.12070051724857933,-0.00958358029780193
-0.0016664471768272904,0.12070051724857933,-0.00958358029780193
-0.0016664471768272904,0.12070051724857933,-0.00958358029780193
0.033667716072994125,1.242042593475965,-0.03958865762656316
0.033667716072994125,1.242042593475965,-0.03958865762656316
0.033667716072994125,1.242042593475965,-0.03958865762656316
0.033667716072994125,1.242042593475965,-0.03958865762656316
0.033667716072994125,1.242042593475965,-0.03958865762656316
0.033667716072994125,1.242042593475965,-0.03958865762656316
-0.015018631061423093,-2.2557593512909477,-0.05525048112439812
-0.015018631061423093,-2.2557593512909477,-0.05525048112439812
-0.015018631061423093,-2.2557593512909477,-0.05525048112439812
-0.015018631061423093,-2.2557593512909477,-0.05525048112439812
-0.015018631061423093,-2.2557593512909477,-0.05525048112439812
-0.015018631061423093,-2.2557593512909477,-0.05525048112439812
-0.01360421246948107,0.8405641874525998,-0.09868797943429719
-0.01360421246948107,0.8405641874525998,-0.09868797943429719
-0.01360421246948107,0.8405641874525998,-0.09868797943429719
-0.01360421246948107,0.8405641874525998,-0.09868797943429719
-0.01360421246948107,0.8405641874525998,-0.09868797943429719
-0.01360421246948107,0.8405641874525998,-0.09868797943429719
-0.06321665081396688,-0.5055282196292126,0.015620942887746736
-0.06321665081396688,-0.5055282196292126,0.015620942887746736
-0.06321665081396688,-0.5055282196292126,0.015620942887746736
-0.06321665081396688,-0.5055282196292126,0.015620942887746736
-0.06321665081396688,-0.5055282196292126,0.015620942887746736
-0.06321665081396688,-0.5055282196292126,0.015620942887746736
-0.017582975010331126,1.034654426078248,0.057010981834316965
-0.017582975010331126,1.034654426078248,0.057010981834316965
-0.017582975010331126,1.034654426078248,0.057010981834316965
-0.017582975010331126,1.034654426078248,0.057010981834316965
-0.017582975010331126,1.034654426078248,0.057010981834316965
-0.017582975010331126,1.034654426078248,0.057010981834316965
-0.05485846999744837,1.8211716326434697,0.10420134570708761
-0.05485846999744837,1.8211716326434697,0.10420134570708761
-0.05485846999744837,1.8211716326434697,0.10420134570708761
-0.05485846999744837,1.8211716326434697,0.10420134570708761
-0.05485846999744837,1.8211716326434697,0.10420134570708761
-0.05485846999744837,1.8211716326434697,0.10420134570708761
-0.03641897389327298,-1.0097678159407124,-0.0009224102121638822
-0.03641897389327298,-1.0097678159407124,-0.0009224102121638822
-0.03641897389327298,-1.0097678159407124,-0.0009224102121638822
-0.03641897389327298,-1.0097678159407124,-0.0009224102121638822
-0.03641897389327298,-1.0097678159407124,-0.0009224102121638822
-0.03641897389327298,-1.0097678159407124,-0.0009224102121638822
0.03730025665551295,-1.9193092350079795,-0.05313084017630487
0.03730025665551295,-1.9193092350079795,-0.05313084017630487
0.03730025665551295,-1.9193092350079795,-0.05313084017630487
0.03730025665551295,-1.9193092350079795,-0.05313084017630487
0.03730025665551295,-1.9193092350079795,-0.05313084017630487
0.03730025665551295,-1.9193092350079795,-0.05313084017630487
0.002011637486418749,-0.5346284331471978,0.06411196476550529
0.002011637486418749,-0.5346284331471978,0.06411196476550529
0.002011637486418749,-0.5346284331471978,0.06411196476550529
0.002011637486418749,-0.5346284331471978,0.06411196476550529
0.002011637486418749,-0.5346284331471978,0.06411196476550529
0.002011637486418749,-0.5346284331471978,0.06411196476550529
-0.033263954186907085,1.6064568223224995,0.07351777688332639
-0.033263954186907085,1.6064568223224995,0.07351777688332639
-0.033263954186907085,1.6064568223224995,0.07351777688332639
-0.033263954186907085,1.6064568223224995,0.07351777688332639
-0.033263954186907085,1.6064568223224995,0.07351777688332639
-0.033263954186907085,1.6064568223224995,0.07351777688332639
-0.052728761773643384,-0.24162473527507444,-0.0008621649162812162
-0.052728761773643384,-0.24162473527507444,-0.0008621649162812162
-0.052728761773643384,-0.24162473527507444,-0.0008621649162812162
-0.052728761773643384,-0.24162473527507444,-0.0008621649162812162
-0.052728761773643384,-0.24162473527507444,-0.0008621649162812162
-0.052728761773643384,-0.24162473527507444,-0.0008621649162812162
0.010489931402073438,-0.9908491006392453,-0.005682771142664578
0.010489931402073438,-0.9908491006392453,-0.005682771142664578
0.010489931402073438,-0.9908491006392453,-0.005682771142664578
0.010489931402073438,-0.9908491006392453,-0.005682771142664578
0.010489931402073438,-0.9908491006392453,-0.005682771142664578
0.010489931402073438,-0.9908491006392453,-0.005682771142664578
0.049860262216025575,0.21325672121601968,-0.03492747821390729
0.049860262216025575,0.21325672121601968,-0.03492747821390729
0.049860262216025575,0.21325672121601968,-0.03492747821390729
0.049860262216025575,0.21325672121601968,-0.03492747821390729
0.049860262216025575,0.21325672121601968,-0.03492747821390729
0.049860262216025575,0.21325672121601968,-0.03492747821390729
-0.041527591819125576,-0.4830995229525712,0.048215945459029186
-0.041527591819125576,-0.4830995229525712,0.048215945459029186
-0.041527591819125576,-0.4830995229525712,0.048215945459029186
-0.041527591819125576,-0.4830995229525712,0.048215945459029186
-0.041527591819125576,-0.4830995229525712,0.048215945459029186
-0.041527591819125576,-0.4830995229525712,0.048215945459029186
-0.010972963156927307,-0.3145524025621711,0.05569533822347417
-0.010972963156927307,-0.3145524025621711,0.05569533822347417
-0.010972963156927307,-0.3145524025621711,0.05569533822347417
-0.010972963156927307,-0.3145524025621711,0.05569533822347417
-0.010972963156927307,-0.3145524025621711,0.05569533822347417
-0.010972963156927307,-0.3145524025621711,0.05569533822347417
-0.032757618394686716,-0.709964040891272,0.03408907005251294
-0.032757618394686716,-0.709964040891272,0.03408907005251294
-0.032757618394686716,-0.709964040891272,0.03408907005251294
-0.032757618394686716,-0.709964040891272,0.03408907005251294
-0.032757618394686716,-0.709964040891272,0.03408907005251294
-0.032757618394686716,-0.709964040891272,0.03408907005251294
-0.05420258772340247,0.19643954561847465,-0.015232524379699797
-0.05420258772340247,0.19643954561847465,-0.015232524379699797
-0.05420258772340247,0.19643954561847465,-0.015232524379699797
-0.05420258772340247,0.19643954561847465,-0.015232524379699797
-0.05420258772340247,0.19643954561847465,-0.015232524379699797
-0.05420258772340247,0.19643954561847465,-0.015232524379699797
-0.07039688465059157,1.2999522063501132,0.06566280372017097
-0.07039688465059157,1.2999522063501132,0.06566280372017097
-0.07039688465059157,1.2999522063501132,0.06566280372017097
-0.07039688465059157,1.2999522063501132,0.06566280372017097
-0.07039688465059157,1.2999522063501132,0.06566280372017097
-0.07039688465059157,1.2999522063501132,0.06566280372017097
-0.07320742539566183,-0.6315736704918606,0.03671799423931965
-0.07320742539566183,-0.6315736704918606,0.03671799423931965
-0.07320742539566183,-0.6315736704918606,0.03671799423931965
-0.07320742539566183,-0.6315736704918606,0.03671799423931965
-0.07320742539566183,-0.6315736704918606,0.03671799423931965
-0.07320742539566183,-0.6315736704918606,0.03671799423931965
-0.09370395803232512,0.9577438781129004,0.01927331407372357
-0.09370395803232512,0.9577438781129004,0.01927331407372357
-0.09370395803232512,0.9577438781129004,0.01927331407372357
-0.09370395803232512,0.9577438781129004,0.01927331407372357
-0.09370395803232512,0.9577438781129004,0.01927331407372357
-0.09370395803232512,0.9577438781129004,0.01927331407372357
-1.1504188591970888e-05,-2.2624739169064156,0.0026998748429196695
-1.1504188591970888e-05,-2.2624739169064156,0.0026998748429196695
-1.1504188591970888e-05,-2.2624739169064156,0.0026998748429196695
-1.1504188591970888e-05,-2.2624739169064156,0.0026998748429196695
-1.1504188591970888e-05,-2.2624739169064156,0.0026998748429196695
-1.1504188591970888e-05,-2.2624739169064156,0.0026998748429196695
0.008213623047417684,-0.030313954724753955,-0.009883064943846165
0.008213623047417684,-0.030313954724753955,-0.009883064943846165
0.008213623047417684,-0.030313954724753955,-0.009883064943846165
0.008213623047417684,-0.030313954724753955,-0.009883064943846165
0.008213623047417684,-0.030313954724753955,-0.009883064943846165
0.008213623047417684,-0.030313954724753955,-0.009883064943846165
-0.027712583307629046,1.153585604970175,0.05760583161293553
-0.027712583307629046,1.153585604970175,0.05760583161293553
-0.027712583307629046,1.153585604970175,0.05760583161293553
-0.027712583307629046,1.153585604970175,0.05760583161293553
-0.027712583307629046,1.153585604970175,0.05760583161293553
-0.027712583307629046,1.153585604970175,0.05760583161293553
0.021257694224640744,0.580804598641663,0.04115884065569375
0.021257694224640744,0.580804598641663,0.04115884065569375
0.021257694224640744,0.580804598641663,0.04115884065569375
0.021257694224640744,0.580804598641663,0.04115884065569375
0.021257694224640744,0.580804598641663,0.04115884065569375
0.021257694224640744,0.580804598641663,0.04115884065569375
0.07568620940708115,-1.6499630522900617,-0.05887222398669856
0.07568620940708115,-1.6499630522900617,-0.05887222398669856
0.07568620940708115,-1.6499630522900617,-0.05887222398669856
0.07568620940708115,-1.6499630522900617,-0.05887222398669856
0.07568620940708115,-1.6499630522900617,-0.05887222398669856
0.07568620940708115,-1.6499630522900617,-0.05887222398669856
0.020584566728071962,3.0242084374148206,-0.08019217014197189
0.020584566728071962,3.0242084374148206,-0.08019217014197189
0.020584566728071962,3.0242084374148206,-0.08019217014197189
0.020584566728071962,3.0242084374148206,-0.08019217014197189
0.020584566728071962,3.0242084374148206,-0.08019217014197189
0.020584566728071962,3.0242084374148206,-0.08019217014197189
0.014830881020849063,1.5276575446902427,-0.02794707461417012
0.014830881020849063,1.5276575446902427,-0.02794707461417012
0.014830881020849063,1.5276575446902427,-0.02794707461417012
0.014830881020849063,1.5276575446902427,-0.02794707461417012
0.014830881020849063,1.5276575446902427,-0.02794707461417012
0.014830881020849063,1.5276575446902427,-0.02794707461417012
-0.004856544310882782,-0.7890177924383011,-0.047026528161893566
-0.004856544310882782,-0.7890177924383011,-0.047026528161893566
-0.004856544310882782,-0.7890177924383011,-0.047026528161893566
-0.004856544310882782,-0.7890177924383011,-0.047026528161893566
-0.004856544310882782,-0.7890177924383011,-0.047026528161893566
-0.004856544310882782,-0.7890177924383011,-0.047026528161893566
-0.031040785684968597,-2.0451429110468595,-0.09490677988356033
-0.031040785684968597,-2.0451429110468595,-0.09490677988356033
-0.031040785684968597,-2.0451429110468595,-0.09490677988356033
-0.031040785684968597,-2.0451429110468595,-0.09490677988356033
-0.031040785684968597,-2.0451429110468595,-0.09490677988356033
-0.031040785684968597,-2.0451429110468595,-0.09490677988356033
-0.04753250549319077,3.3202262563101854,-0.044169806328650196
-0.04753250549319077,3.3202262563101854,-0.044169806328650196
-0.04753250549319077,3.3202262563101854,-0.044169806328650196
-0.04753250549319077,3.3202262563101854,-0.044169806328650196
-0.04753250549319077,3.3202262563101854,-0.044169806328650196
-0.04753250549319077,3.3202262563101854,-0.044169806328650196
-0.014319857739074848,-1.2106098275010524,0.020226001563125706
-0.014319857739074848,-1.2106098275010524,0.020226001563125706
-0.014319857739074848,-1.2106098275010524,0.020226001563125706
-0.014319857739074848,-1.2106098275010524,0.020226001563125706
-0.014319857739074848,-1.2106098275010524,0.020226001563125706
-0.014319857739074848,-1.2106098275010524,0.020226001563125706
-0.0486382413296127,1.64227936830887,0.09843232813726033
-0.0486382413296127,1.64227936830887,0.09843232813726033
-0.0486382413296127,1.64227936830887,0.09843232813726033
-0.0486382413296127,1.64227936830887,0.09843232813726033
-0.0486382413296127,1.64227936830887,0.09843232813726033
-0.0486382413296127,1.64227936830887,0.09843232813726033
-0.036718733176556384,0.32302042535715003,0.06469755685548506
-0.036718733176556384,0.32302042535715003,0.06469755685548506
-0.036718733176556384,0.32302042535715003,0.06469755685548506
-0.036718733176556384,0.32302042535715003,0.06469755685548506
-0.036718733176556384,0.32302042535715003,0.06469755685548506
-0.036718733176556384,0.32302042535715003,0.06469755685548506
-0.15146900668317187,0.9544342782463886,-0.0392942100182907
-0.15146900668317187,0.9544342782463886,-0.0392942100182907
-0.15146900668317187,0.9544342782463886,-0.0392942100182907
-0.15146900668317187,0.9544342782463886,-0.0392942100182907
-0.15146900668317187,0.9544342782463886,-0.0392942100182907
-0.15146900668317187,0.9544342782463886,-0.0392942100182907
-0.0023324657085481704,0.27263781756048644,-0.09808518727435711
-0.0023324657085481704,0.27263781756048644,-0.09808518727435711
-0.0023324657085481704,0.27263781756048644,-0.09808518727435711
-0.0023324657085481704,0.27263781756048644,-0.09808518727435711
-0.0023324657085481704,0.27263781756048644,-0.09808518727435711
-0.0023324657085481704,0.27263781756048644,-0.09808518727435711
-0.006623113427263405,-0.8173025507005676,-0.055734310233866324
-0.006623113427263405,-0.8173025507005676,-0.055734310233866324
-0.006623113427263405,-0.8173025507005676,-0.055734310233866324
-0.006623113427263405,-0.8173025507005676,-0.055734310233866324
-0.006623113427263405,-0.8173025507005676,-0.055734310233866324
-0.006623113427263405,-0.8173025507005676,-0.055734310233866324
0.00871049808602109,-1.8640011500502496,0.006159847577359656
0.00871049808602109,-1.8640011500502496,0.006159847577359656
0.00871049808602109,-1.8640011500502496,0.006159847577359656
0.00871049808602109,-1.8640011500502496,0.006159847577359656
0.00871049808602109,-1.8640011500502496,0.006159847577359656
0.00871049808602109,-1.8640011500502496,0.006159847577359656
-0.05591716325699636,1.0766501609340011,0.03974607772970273
-0.05591716325699636,1.0766501609340011,0.03974607772970273
-0.05591716325699636,1.0766501609340011,0.03974607772970273
-0.05591716325699636,1.0766501609340011,0.03974607772970273
-0.05591716325699636,1.0766501609340011,0.03974607772970273
-0.05591716325699636,1.0766501609340011,0.03974607772970273
-0.053797609142197444,1.9361183610339339,-0.008514440333433626
-0.053797609142197444,1.9361183610339339,-0.008514440333433626
-0.053797609142197444,1.9361183610339339,-0.008514440333433626
-0.053797609142197444,1.9361183610339339,-0.008514440333433626
-0.053797609142197444,1.9361183610339339,-0.008514440333433626
-0.053797609142197444,1.9361183610339339,-0.008514440333433626
-0.03750278947186558,-0.7357121634971264,0.07084775472166527
-0.03750278947186558,-0.7357121634971264,0.07084775472166527
-0.03750278947186558,-0.7357121634971264,0.07084775472166527
-0.03750278947186558,-0.7357121634971264,0.07084775472166527
-0.03750278947186558,-0.7357121634971264,0.07084775472166527
-0.03750278947186558,-0.7357121634971264,0.07084775472166527
0.0015904812251825717,1.1850868014280707,-0.04945019471566425
0.0015904812251825717,1.1850868014280707,-0.04945019471566425
0.0015904812251825717,1.1850868014280707,-0.04945019471566425
0.0015904812251825717,1.1850868014280707,-0.04945019471566425
0.0015904812251825717,1.1850868014280707,-0.04945019471566425
0.0015904812251825717,1.1850868014280707,-0.04945019471566425
-0.004562378931964872,0.5803485085369431,-0.10702841870680402
-0.004562378931964872,0.5803485085369431,-0.10702841870680402
-0.004562378931964872,0.5803485085369431,-0.10702841870680402
-0.004562378931964872,0.5803485085369431,-0.10702841870680402
-0.004562378931964872,0.5803485085369431,-0.10702841870680402
-0.004562378931964872,0.5803485085369431,-0.10702841870680402
-0.025954744890146486,1.5074560085713102,-0.04611194772415317
-0.025954744890146486,1.5074560085713102,-0.04611194772415317
-0.025954744890146486,1.5074560085713102,-0.04611194772415317
-0.025954744890146486,1.5074560085713102,-0.04611194772415317
-0.025954744890146486,1.5074560085713102,-0.04611194772415317
-0.025954744890146486,1.5074560085713102,-0.04611194772415317
0.04415278497283026,-0.31519381626115717,0.050890607702584134
0.04415278497283026,-0.31519381626115717,0.050890607702584134
0.04415278497283026,-0.31519381626115717,0.050890607702584134
0.04415278497283026,-0.31519381626115717,0.050890607702584134
0.04415278497283026,-0.31519381626115717,0.050890607702584134
0.04415278497283026,-0.31519381626115717,0.050890607702584134
0.07186893235309455,-1.1586115689670322,0.04838948489494399
0.07186893235309455,-1.1586115689670322,0.04838948489494399
0.07186893235309455,-1.1586115689670322,0.04838948489494399
0.07186893235309455,-1.1586115689670322,0.04838948489494399
0.07186893235309455,-1.1586115689670322,0.04838948489494399
0.07186893235309455,-1.1586115689670322,0.04838948489494399
0.04164823390778949,1.036507015194374,-0.025170251582895986
0.04164823390778949,1.036507015194374,-0.025170251582895986
0.04164823390778949,1.036507015194374,-0.025170251582895986
0.04164823390778949,1.036507015194374,-0.025170251582895986
0.04164823390778949,1.036507015194374,-0.025170251582895986
0.04164823390778949,1.036507015194374,-0.025170251582895986
-0.027516212015715524,-1.150726242295569,0.03920337193803647
-0.027516212015715524,-1.150726242295569,0.03920337193803647
-0.027516212015715524,-1.150726242295569,0.03920337193803647
-0.027516212015715524,-1.150726242295569,0.03920337193803647
-0.027516212015715524,-1.150726242295569,0.03920337193803647
-0.027516212015715524,-1.150726242295569,0.03920337193803647
0.05378938496929919,0.2590722742286786,0.0064023304088198785
0.05378938496929919,0.2590722742286786,0.0064023304088198785
0.05378938496929919,0.2590722742286786,0.0064023304088198785
0.05378938496929919,0.2590722742286786,0.0064023304088198785
0.05378938496929919,0.2590722742286786,0.0064023304088198785
0.05378938496929919,0.2590722742286786,0.0064023304088198785
-0.0244441296196527,-0.3630568813666528,0.037140124102888805
-0.0244441296196527,-0.3630568813666528,0.037140124102888805
-0.0244441296196527,-0.3630568813666528,0.037140124102888805
-0.0244441296196527,-0.3630568813666528,0.037140124102888805
-0.0244441296196527,-0.3630568813666528,0.037140124102888805
-0.0244441296196527,-0.3630568813666528,0.037140124102888805
-0.0019428218744117487,0.7864173983935316,-0.07481144847752397
-0.0019428218744117487,0.7864173983935316,-0.07481144847752397
-0.0019428218744117487,0.7864173983935316,-0.07481144847752397
-0.0019428218744117487,0.7864173983935316,-0.07481144847752397
-0.0019428218744117487,0.7864173983935316,-0.07481144847752397
-0.0019428218744117487,0.7864173983935316,-0.07481144847752397
0.03370310172854829,-1.4156761498325778,-0.05375481330304943
0.03370310172854829,-1.4156761498325778,-0.05375481330304943
0.03370310172854829,-1.4156761498325778,-0.05375481330304943
0.03370310172854829,-1.4156761498325778,-0.05375481330304943
0.03370310172854829,-1.4156761498325778,-0.05375481330304943
0.03370310172854829,-1.4156761498325778,-0.05375481330304943
-0.08250640105112339,0.09212116848702578,0.006978217408425635
-0.08250640105112339,0.09212116848702578,0.006978217408425635
-0.08250640105112339,0.09212116848702578,0.006978217408425635
-0.08250640105112339,0.09212116848702578,0.006978217408425635
-0.08250640105112339,0.09212116848702578,0.006978217408425635
-0.08250640105112339,0.09212116848702578,0.006978217408425635
-0.08031817325365154,0.21962508882953813,0.02073385069032696
-0.08031817325365154,0.21962508882953813,0.02073385069032696
-0.08031817325365154,0.21962508882953813,0.02073385069032696
-0.08031817325365154,0.21962508882953813,0.02073385069032696
-0.08031817325365154,0.21962508882953813,0.02073385069032696
-0.08031817325365154,0.21962508882953813,0.02073385069032696
-0.07301644927035511,0.08085131308401117,0.05251950189947863
-0.07301644927035511,0.08085131308401117,0.05251950189947863
-0.07301644927035511,0.08085131308401117,0.05251950189947863
-0.07301644927035511,0.08085131308401117,0.05251950189947863
-0.07301644927035511,0.08085131308401117,0.05251950189947863
-0.07301644927035511,0.08085131308401117,0.05251950189947863
-0.047844037839016806,-0.024148352674139062,0.0488093197488535
-0.047844037839016806,-0.024148352674139062,0.0488093197488535
-0.047844037839016806,-0.024148352674139062,0.0488093197488535
-0.047844037839016806,-0.024148352674139062,0.0488093197488535
-0.047844037839016806,-0.024148352674139062,0.0488093197488535
-0.047844037839016806,-0.024148352674139062,0.0488093197488535
-0.033619487689172445,1.1563922467427474,0.013201631971590189
-0.033619487689172445,1.1563922467427474,0.013201631971590189
-0.033619487689172445,1.1563922467427474,0.013201631971590189
-0.033619487689172445,1.1563922467427474,0.013201631971590189
-0.033619487689172445,1.1563922467427474,0.013201631971590189
-0.033619487689172445,1.1563922467427474,0.013201631971590189
-0.03734312952516916,0.5123282557199147,0.10164869812951771
-0.03734312952516916,0.5123282557199147,0.10164869812951771
-0.03734312952516916,0.5123282557199147,0.10164869812951771
-0.03734312952516916,0.5123282557199147,0.10164869812951771
-0.03734312952516916,0.5123282557199147,0.10164869812951771
-0.03734312952516916,0.5123282557199147,0.10164869812951771
0.010985685511428755,-1.958950588182752,0.11743970812835158
0.010985685511428755,-1.958950588182752,0.11743970812835158
0.010985685511428755,-1.958950588182752,0.11743970812835158
0.010985685511428755,-1.958950588182752,0.11743970812835158
0.010985685511428755,-1.958950588182752,0.11743970812835158
0.010985685511428755,-1.958950588182752,0.11743970812835158
-0.08907654632215412,1.671767354431715,0.058406334731390785
-0.08907654632215412,1.671767354431715,0.058406334731390785
-0.08907654632215412,1.671767354431715,0.058406334731390785
-0.08907654632215412,1.671767354431715,0.058406334731390785
-0.08907654632215412,1.671767354431715,0.058406334731390785
-0.08907654632215412,1.671767354431715,0.058406334731390785
0.03703357663870932,0.7563260768769879,0.035827283447670055
0.03703357663870932,0.7563260768769879,0.035827283447670055
0.03703357663870932,0.7563260768769879,0.035827283447670055
0.03703357663870932,0.7563260768769879,0.035827283447670055
0.03703357663870932,0.7563260768769879,0.035827283447670055
0.03703357663870932,0.7563260768769879,0.035827283447670055
-0.035607821124386874,-0.884177623861369,0.05319353061450016
-0.035607821124386874,-0.884177623861369,0.05319353061450016
-0.035607821124386874,-0.884177623861369,0.05319353061450016
-0.035607821124386874,-0.884177623861369,0.05319353061450016
-0.035607821124386874,-0.884177623861369,0.05319353061450016
-0.035607821124386874,-0.884177623861369,0.05319353061450016
-0.11086518340629326,1.20021217403675,-0.005812155045667566
-0.11086518340629326,1.20021217403675,-0.005812155045667566
-0.11086518340629326,1.20021217403675,-0.005812155045667566
-0.11086518340629326,1.20021217403675,-0.005812155045667566
-0.11086518340629326,1.20021217403675,-0.005812155045667566
-0.11086518340629326,1.20021217403675,-0.005812155045667566
-0.028815140313081855,-1.6987806215488774,0.016990433924455317
-0.028815140313081855,-1.6987806215488774,0.016990433924455317
-0.028815140313081855,-1.6987806215488774,0.016990433924455317
-0.028815140313081855,-1.6987806215488774,0.016990433924455317
-0.028815140313081855,-1.6987806215488774,0.016990433924455317
-0.028815140313081855,-1.6987806215488774,0.016990433924455317
0.027342691497775462,2.00226674379595,0.029172795366880777
0.027342691497775462,2.00226674379595,0.029172795366880777
0.027342691497775462,2.00226674379595,0.029172795366880777
0.027342691497775462,2.00226674379595,0.029172795366880777
0.027342691497775462,2.00226674379595,0.029172795366880777
0.027342691497775462,2.00226674379595,0.029172795366880777
-0.02013214136873387,0.4127802441737529,-0.030128417783918948
-0.02013214136873387,0.4127802441737529,-0.030128417783918948
-0.02013214136873387,0.4127802441737529,-0.030128417783918948
-0.02013214136873387,0.4127802441737529,-0.030128417783918948
-0.02013214136873387,0.4127802441737529,-0.030128417783918948
-0.02013214136873387,0.4127802441737529,-0.030128417783918948
-0.027410625600793992,-0.4932257344777824,-0.029077413460870005
-0.027410625600793992,-0.4932257344777824,-0.029077413460870005
-0.027410625600793992,-0.4932257344777824,-0.029077413460870005
-0.027410625600793992,-0.4932257344777824,-0.029077413460870005
-0.027410625600793992,-0.4932257344777824,-0.029077413460870005
-0.027410625600793992,-0.4932257344777824,-0.029077413460870005
0.06869950627256216,-0.08147226655356832,-0.011284737597630823
0.06869950627256216,-0.08147226655356832,-0.011284737597630823
0.06869950627256216,-0.08147226655356832,-0.011284737597630823
0.06869950627256216,-0.08147226655356832,-0.011284737597630823
0.06869950627256216,-0.08147226655356832,-0.011284737597630823
0.06869950627256216,-0.08147226655356832,-0.011284737597630823
-0.028565708627315445,-0.5553995171112334,0.04730478689417872
-0.028565708627315445,-0.5553995171112334,0.04730478689417872
-0.028565708627315445,-0.5553995171112334,0.04730478689417872
-0.028565708627315445,-0.5553995171112334,0.04730478689417872
-0.028565708627315445,-0.5553995171112334,0.04730478689417872
-0.028565708627315445,-0.5553995171112334,0.04730478689417872
-0.05324686464996731,-1.4397518679561188,0.027671483812788722
-0.05324686464996731,-1.4397518679561188,0.027671483812788722
-0.05324686464996731,-1.4397518679561188,0.027671483812788722
-0.05324686464996731,-1.4397518679561188,0.027671483812788722
-0.05324686464996731,-1.4397518679561188,0.027671483812788722
-0.05324686464996731,-1.4397518679561188,0.027671483812788722
-0.052427085717976496,-0.7944850117211502,-0.015458589516402554
-0.052427085717976496,-0.7944850117211502,-0.015458589516402554
-0.052427085717976496,-0.7944850117211502,-0.015458589516402554
-0.052427085717976496,-0.7944850117211502,-0.015458589516402554
-0.052427085717976496,-0.7944850117211502,-0.015458589516402554
-0.052427085717976496,-0.7944850117211502,-0.015458589516402554
-0.07365715062261913,0.4775147682157055,0.09964143934945113
-0.07365715062261913,0.4775147682157055,0.09964143934945113
-0.07365715062261913,0.4775147682157055,0.09964143934945113
-0.07365715062261913,0.4775147682157055,0.09964143934945113
-0.07365715062261913,0.4775147682157055,0.09964143934945113
-0.07365715062261913,0.4775147682157055,0.09964143934945113
0.03438795919683457,-0.3283669679593615,0.01142104653833087
0.03438795919683457,-0.3283669679593615,0.01142104653833087
0.03438795919683457,-0.3283669679593615,0.01142104653833087
0.03438795919683457,-0.3283669679593615,0.01142104653833087
0.03438795919683457,-0.3283669679593615,0.01142104653833087
0.03438795919683457,-0.3283669679593615,0.01142104653833087
0.045461345949807,1.9112698251130311,0.005523966075740461
0.045461345949807,1.9112698251130311,0.005523966075740461
0.045461345949807,1.9112698251130311,0.005523966075740461
0.045461345949807,1.9112698251130311,0.005523966075740461
0.045461345949807,1.9112698251130311,0.005523966075740461
0.045461345949807,1.9112698251130311,0.005523966075740461
0.09713864721087617,-2.052137863006571,0.06338458174855433
0.09713864721087617,-2.052137863006571,0.06338458174855433
0.09713864721087617,-2.052137863006571,0.06338458174855433
0.09713864721087617,-2.052137863006571,0.06338458174855433
0.09713864721087617,-2.052137863006571,0.06338458174855433
0.09713864721087617,-2.052137863006571,0.06338458174855433
0.03925661264635494,1.5655272463851944,0.030614692791546716
0.03925661264635494,1.5655272463851944,0.030614692791546716
0.03925661264635494,1.5655272463851944,0.030614692791546716
0.03925661264635494,1.5655272463851944,0.030614692791546716
0.03925661264635494,1.5655272463851944,0.030614692791546716
0.03925661264635494,1.5655272463851944,0.030614692791546716
0.018057384881327465,-1.8651040967704873,-0.025437109162398386
0.018057384881327465,-1.8651040967704873,-0.025437109162398386
0.018057384881327465,-1.8651040967704873,-0.025437109162398386
0.018057384881327465,-1.8651040967704873,-0.025437109162398386
0.018057384881327465,-1.8651040967704873,-0.025437109162398386
0.018057384881327465,-1.8651040967704873,-0.025437109162398386
0.006030262024204092,1.2711139157073887,0.03506345177958181
0.006030262024204092,1.2711139157073887,0.03506345177958181
0.006030262024204092,1.2711139157073887,0.03506345177958181
0.006030262024204092,1.2711139157073887,0.03506345177958181
0.006030262024204092,1.2711139157073887,0.03506345177958181
0.006030262024204092,1.2711139157073887,0.03506345177958181
0.02891295838614738,1.6814792872236666,-0.001107202798857898
0.02891295838614738,1.6814792872236666,-0.001107202798857898
0.02891295838614738,1.6814792872236666,-0.001107202798857898
0.02891295838614738,1.6814792872236666,-0.001107202798857898
0.02891295838614738,1.6814792872236666,-0.001107202798857898
0.02891295838614738,1.6814792872236666,-0.001107202798857898
0.034102614805423315,-2.4377949521497655,-0.08547642596730398
0.034102614805423315,-2.4377949521497655,-0.08547642596730398
0.034102614805423315,-2.4377949521497655,-0.08547642596730398
0.034102614805423315,-2.4377949521497655,-0.08547642596730398
0.034102614805423315,-2.4377949521497655,-0.08547642596730398
0.034102614805423315,-2.4377949521497655,-0.08547642596730398
0.0726534094786544,1.2844308116783836,-0.08964079782052004
0.0726534094786544,1.2844308116783836,-0.08964079782052004
0.0726534094786544,1.2844308116783836,-0.08964079782052004
0.0726534094786544,1.2844308116783836,-0.08964079782052004
0.0726534094786544,1.2844308116783836,-0.08964079782052004
0.0726534094786544,1.2844308116783836,-0.08964079782052004
-0.008033366777958406,0.7978311237144311,-0.05481256367440679
-0.008033366777958406,0.7978311237144311,-0.05481256367440679
-0.008033366777958406,0.7978311237144311,-0.05481256367440679
-0.008033366777958406,0.7978311237144311,-0.05481256367440679
-0.008033366777958406,0.7978311237144311,-0.05481256367440679
-0.008033366777958406,0.7978311237144311,-0.05481256367440679
-0.08009414223189992,-0.8613660158704022,-0.02892652586234057
-0.08009414223189992,-0.8613660158704022,-0.02892652586234057
-0.08009414223189992,-0.8613660158704022,-0.02892652586234057
-0.08009414223189992,-0.8613660158704022,-0.02892652586234057
-0.08009414223189992,-0.8613660158704022,-0.02892652586234057
-0.08009414223189992,-0.8613660158704022,-0.02892652586234057
-0.05000077704328376,-0.9041715168619717,0.0002791806194952784
-0.05000077704328376,-0.9041715168619717,0.0002791806194952784
-0.05000077704328376,-0.9041715168619717,0.0002791806194952784
-0.05000077704328376,-0.9041715168619717,0.0002791806194952784
-0.05000077704328376,-0.9041715168619717,0.0002791806194952784
-0.05000077704328376,-0.9041715168619717,0.0002791806194952784
-0.030603751969536575,0.8396567518178344,0.018252407332461473
-0.030603751969536575,0.8396567518178344,0.018252407332461473
-0.030603751969536575,0.8396567518178344,0.018252407332461473
-0.030603751969536575,0.8396567518178344,0.018252407332461473
-0.030603751969536575,0.8396567518178344,0.018252407332461473
-0.030603751969536575,0.8396567518178344,0.018252407332461473
-0.017422390610562388,-0.2379944901273774,-0.03615014551639106
-0.017422390610562388,-0.2379944901273774,-0.03615014551639106
-0.017422390610562388,-0.2379944901273774,-0.03615014551639106
-0.017422390610562388,-0.2379944901273774,-0.03615014551639106
-0.017422390610562388,-0.2379944901273774,-0.03615014551639106
-0.017422390610562388,-0.2379944901273774,-0.03615014551639106
0.02150533010568978,-1.7329066015570334,0.05090447347710558
0.02150533010568978,-1.7329066015570334,0.05090447347710558
0.02150533010568978,-1.7329066015570334,0.05090447347710558
0.02150533010568978,-1.7329066015570334,0.05090447347710558
0.02150533010568978,-1.7329066015570334,0.05090447347710558
0.02150533010568978,-1.7329066015570334,0.05090447347710558
0.008086127614348015,0.24824947845176837,-0.041574190304968894
0.008086127614348015,0.24824947845176837,-0.041574190304968894
0.008086127614348015,0.24824947845176837,-0.041574190304968894
0.008086127614348015,0.24824947845176837,-0.041574190304968894
0.008086127614348015,0.24824947845176837,-0.041574190304968894
0.008086127614348015,0.24824947845176837,-0.041574190304968894
-0.018307150030739905,1.6281368954563575,-0.020662384046747917
-0.018307150030739905,1.6281368954563575,-0.020662384046747917
-0.018307150030739905,1.6281368954563575,-0.020662384046747917
-0.018307150030739905,1.6281368954563575,-0.020662384046747917
-0.018307150030739905,1.6281368954563575,-0.020662384046747917
-0.018307150030739905,1.6281368954563575,-0.020662384046747917
-0.09289065253951989,-0.4742765060396934,0.021397612988147685
-0.09289065253951989,-0.4742765060396934,0.021397612988147685
-0.09289065253951989,-0.4742765060396934,0.021397612988147685
-0.09289065253951989,-0.4742765060396934,0.021397612988147685
-0.09289065253951989,-0.4742765060396934,0.021397612988147685
-0.09289065253951989,-0.4742765060396934,0.021397612988147685
-0.02133349743063917,-1.8500974875719436,-0.05005326992110426
-0.02133349743063917,-1.8500974875719436,-0.05005326992110426
-0.02133349743063917,-1.8500974875719436,-0.05005326992110426
-0.02133349743063917,-1.8500974875719436,-0.05005326992110426
-0.02133349743063917,-1.8500974875719436,-0.05005326992110426
-0.02133349743063917,-1.8500974875719436,-0.05005326992110426
